100 10000
0 1 86
0 2 81
0 3 29
0 4 38
0 5 28
0 6 59
0 7 60
0 8 14
0 9 97
0 10 48
0 11 28
0 12 46
0 13 88
0 14 27
0 15 39
0 16 47
0 17 55
0 18 18
0 19 65
0 20 32
0 21 4
0 22 12
0 23 100
0 24 35
0 25 35
0 26 49
0 27 89
0 28 66
0 29 56
0 30 91
0 31 96
0 32 16
0 33 27
0 34 57
0 35 60
0 36 38
0 37 67
0 38 27
0 39 69
0 40 77
0 41 68
0 42 25
0 43 15
0 44 2
0 45 57
0 46 54
0 47 15
0 48 97
0 49 60
0 50 81
0 51 40
0 52 11
0 53 56
0 54 54
0 55 10
0 56 91
0 57 88
0 58 39
0 59 8
0 60 40
0 61 39
0 62 32
0 63 24
0 64 27
0 65 99
0 66 67
0 67 12
0 68 90
0 69 3
0 70 36
0 71 4
0 72 34
0 73 46
0 74 5
0 75 8
0 76 76
0 77 14
0 78 43
0 79 50
0 80 85
0 81 71
0 82 1
0 83 6
0 84 70
0 85 56
0 86 27
0 87 37
0 88 25
0 89 16
0 90 51
0 91 42
0 92 50
0 93 47
0 94 59
0 95 42
0 96 62
0 97 25
0 98 55
0 99 76
1 0 37
1 2 6
1 3 33
1 4 3
1 5 59
1 6 6
1 7 54
1 8 55
1 9 64
1 10 78
1 11 2
1 12 68
1 13 12
1 14 10
1 15 61
1 16 36
1 17 8
1 18 27
1 19 36
1 20 84
1 21 58
1 22 52
1 23 45
1 24 96
1 25 15
1 26 19
1 27 20
1 28 28
1 29 10
1 30 21
1 31 73
1 32 59
1 33 25
1 34 25
1 35 81
1 36 30
1 37 21
1 38 15
1 39 32
1 40 35
1 41 2
1 42 7
1 43 12
1 44 73
1 45 94
1 46 62
1 47 63
1 48 86
1 49 79
1 50 97
1 51 49
1 52 71
1 53 92
1 54 11
1 55 43
1 56 52
1 57 86
1 58 66
1 59 46
1 60 64
1 61 14
1 62 27
1 63 85
1 64 97
1 65 21
1 66 15
1 67 100
1 68 77
1 69 18
1 70 45
1 71 87
1 72 61
1 73 65
1 74 4
1 75 37
1 76 78
1 77 24
1 78 68
1 79 20
1 80 31
1 81 13
1 82 100
1 83 29
1 84 5
1 85 8
1 86 78
1 87 26
1 88 47
1 89 42
1 90 58
1 91 93
1 92 34
1 93 70
1 94 93
1 95 68
1 96 100
1 97 52
1 98 15
1 99 53
2 0 90
2 1 1
2 3 99
2 4 88
2 5 57
2 6 29
2 7 33
2 8 61
2 9 8
2 10 9
2 11 64
2 12 40
2 13 20
2 14 45
2 15 59
2 16 2
2 17 26
2 18 15
2 19 49
2 20 82
2 21 30
2 22 15
2 23 73
2 24 72
2 25 28
2 26 24
2 27 54
2 28 68
2 29 74
2 30 82
2 31 42
2 32 28
2 33 41
2 34 9
2 35 69
2 36 81
2 37 87
2 38 41
2 39 51
2 40 92
2 41 88
2 42 71
2 43 97
2 44 79
2 45 87
2 46 46
2 47 76
2 48 33
2 49 40
2 50 74
2 51 23
2 52 13
2 53 13
2 54 96
2 55 56
2 56 43
2 57 18
2 58 69
2 59 46
2 60 46
2 61 31
2 62 100
2 63 72
2 64 23
2 65 2
2 66 53
2 67 60
2 68 84
2 69 40
2 70 47
2 71 86
2 72 1
2 73 52
2 74 27
2 75 83
2 76 27
2 77 76
2 78 53
2 79 71
2 80 80
2 81 26
2 82 97
2 83 28
2 84 61
2 85 41
2 86 69
2 87 25
2 88 32
2 89 47
2 90 11
2 91 81
2 92 40
2 93 49
2 94 3
2 95 33
2 96 36
2 97 13
2 98 52
2 99 38
3 0 63
3 1 13
3 2 64
3 4 54
3 5 40
3 6 14
3 7 91
3 8 37
3 9 96
3 10 32
3 11 12
3 12 73
3 13 45
3 14 42
3 15 43
3 16 5
3 17 50
3 18 10
3 19 41
3 20 49
3 21 36
3 22 64
3 23 89
3 24 91
3 25 7
3 26 58
3 27 100
3 28 20
3 29 28
3 30 95
3 31 27
3 32 48
3 33 71
3 34 24
3 35 17
3 36 3
3 37 7
3 38 89
3 39 16
3 40 29
3 41 47
3 42 3
3 43 1
3 44 81
3 45 57
3 46 74
3 47 78
3 48 97
3 49 38
3 50 96
3 51 34
3 52 5
3 53 19
3 54 11
3 55 87
3 56 51
3 57 87
3 58 83
3 59 97
3 60 90
3 61 79
3 62 69
3 63 18
3 64 28
3 65 100
3 66 35
3 67 32
3 68 92
3 69 48
3 70 54
3 71 70
3 72 2
3 73 54
3 74 95
3 75 49
3 76 78
3 77 78
3 78 55
3 79 50
3 80 81
3 81 5
3 82 12
3 83 73
3 84 50
3 85 29
3 86 88
3 87 32
3 88 91
3 89 83
3 90 83
3 91 46
3 92 60
3 93 52
3 94 73
3 95 55
3 96 95
3 97 75
3 98 41
3 99 40
4 0 44
4 1 79
4 2 23
4 3 52
4 5 16
4 6 4
4 7 58
4 8 86
4 9 25
4 10 79
4 11 91
4 12 37
4 13 21
4 14 54
4 15 31
4 16 28
4 17 67
4 18 93
4 19 83
4 20 94
4 21 7
4 22 13
4 23 87
4 24 59
4 25 96
4 26 24
4 27 23
4 28 52
4 29 91
4 30 19
4 31 98
4 32 85
4 33 74
4 34 8
4 35 49
4 36 79
4 37 45
4 38 70
4 39 14
4 40 85
4 41 39
4 42 63
4 43 5
4 44 82
4 45 5
4 46 31
4 47 29
4 48 87
4 49 51
4 50 9
4 51 68
4 52 3
4 53 14
4 54 88
4 55 17
4 56 34
4 57 76
4 58 30
4 59 48
4 60 34
4 61 46
4 62 77
4 63 97
4 64 24
4 65 91
4 66 17
4 67 91
4 68 7
4 69 83
4 70 86
4 71 65
4 72 98
4 73 45
4 74 36
4 75 77
4 76 52
4 77 40
4 78 13
4 79 18
4 80 54
4 81 26
4 82 16
4 83 51
4 84 41
4 85 87
4 86 17
4 87 69
4 88 38
4 89 53
4 90 46
4 91 75
4 92 51
4 93 1
4 94 92
4 95 55
4 96 69
4 97 88
4 98 81
4 99 73
5 0 52
5 1 54
5 2 68
5 3 33
5 4 61
5 6 98
5 7 80
5 8 72
5 9 81
5 10 72
5 11 17
5 12 65
5 13 55
5 14 4
5 15 41
5 16 4
5 17 94
5 18 16
5 19 60
5 20 29
5 21 2
5 22 75
5 23 2
5 24 22
5 25 34
5 26 48
5 27 45
5 28 95
5 29 70
5 30 11
5 31 52
5 32 4
5 33 44
5 34 51
5 35 8
5 36 64
5 37 82
5 38 93
5 39 35
5 40 24
5 41 76
5 42 1
5 43 20
5 44 1
5 45 97
5 46 21
5 47 43
5 48 80
5 49 7
5 50 48
5 51 4
5 52 44
5 53 81
5 54 88
5 55 16
5 56 9
5 57 33
5 58 32
5 59 91
5 60 29
5 61 97
5 62 64
5 63 75
5 64 25
5 65 18
5 66 67
5 67 45
5 68 25
5 69 27
5 70 90
5 71 78
5 72 53
5 73 55
5 74 70
5 75 38
5 76 99
5 77 8
5 78 59
5 79 86
5 80 46
5 81 70
5 82 79
5 83 25
5 84 35
5 85 74
5 86 35
5 87 7
5 88 62
5 89 87
5 90 89
5 91 9
5 92 79
5 93 91
5 94 40
5 95 54
5 96 4
5 97 11
5 98 85
5 99 79
6 0 100
6 1 14
6 2 82
6 3 98
6 4 1
6 5 23
6 7 71
6 8 73
6 9 84
6 10 75
6 11 38
6 12 75
6 13 58
6 14 71
6 15 78
6 16 22
6 17 46
6 18 74
6 19 69
6 20 11
6 21 3
6 22 27
6 23 90
6 24 62
6 25 17
6 26 27
6 27 44
6 28 46
6 29 98
6 30 79
6 31 91
6 32 54
6 33 72
6 34 89
6 35 51
6 36 97
6 37 19
6 38 92
6 39 83
6 40 25
6 41 78
6 42 22
6 43 53
6 44 100
6 45 49
6 46 69
6 47 16
6 48 59
6 49 74
6 50 100
6 51 12
6 52 61
6 53 86
6 54 10
6 55 66
6 56 17
6 57 26
6 58 38
6 59 50
6 60 6
6 61 100
6 62 76
6 63 84
6 64 13
6 65 4
6 66 8
6 67 32
6 68 1
6 69 41
6 70 72
6 71 98
6 72 94
6 73 13
6 74 22
6 75 40
6 76 49
6 77 91
6 78 14
6 79 96
6 80 17
6 81 61
6 82 82
6 83 32
6 84 53
6 85 91
6 86 21
6 87 98
6 88 99
6 89 42
6 90 42
6 91 80
6 92 19
6 93 50
6 94 11
6 95 90
6 96 59
6 97 23
6 98 56
6 99 2
7 0 90
7 1 59
7 2 66
7 3 21
7 4 34
7 5 51
7 6 76
7 8 95
7 9 84
7 10 85
7 11 49
7 12 13
7 13 39
7 14 98
7 15 82
7 16 22
7 17 7
7 18 52
7 19 85
7 20 40
7 21 88
7 22 23
7 23 78
7 24 51
7 25 71
7 26 80
7 27 3
7 28 39
7 29 91
7 30 74
7 31 70
7 32 25
7 33 35
7 34 76
7 35 61
7 36 9
7 37 1
7 38 64
7 39 41
7 40 57
7 41 94
7 42 49
7 43 31
7 44 68
7 45 10
7 46 71
7 47 3
7 48 41
7 49 56
7 50 96
7 51 10
7 52 63
7 53 34
7 54 94
7 55 48
7 56 78
7 57 91
7 58 59
7 59 61
7 60 97
7 61 29
7 62 55
7 63 34
7 64 43
7 65 31
7 66 98
7 67 74
7 68 50
7 69 63
7 70 47
7 71 67
7 72 35
7 73 57
7 74 33
7 75 22
7 76 16
7 77 59
7 78 15
7 79 39
7 80 17
7 81 12
7 82 68
7 83 4
7 84 61
7 85 79
7 86 57
7 87 37
7 88 37
7 89 91
7 90 91
7 91 23
7 92 37
7 93 93
7 94 74
7 95 15
7 96 95
7 97 85
7 98 24
7 99 43
8 0 13
8 1 5
8 2 87
8 3 6
8 4 63
8 5 97
8 6 50
8 7 79
8 9 38
8 10 10
8 11 37
8 12 54
8 13 81
8 14 90
8 15 82
8 16 64
8 17 45
8 18 3
8 19 8
8 20 67
8 21 83
8 22 16
8 23 77
8 24 28
8 25 19
8 26 96
8 27 97
8 28 67
8 29 85
8 30 11
8 31 67
8 32 61
8 33 95
8 34 77
8 35 92
8 36 30
8 37 99
8 38 85
8 39 6
8 40 55
8 41 86
8 42 3
8 43 37
8 44 25
8 45 87
8 46 81
8 47 100
8 48 87
8 49 98
8 50 43
8 51 35
8 52 71
8 53 14
8 54 3
8 55 31
8 56 9
8 57 62
8 58 72
8 59 84
8 60 12
8 61 95
8 62 36
8 63 12
8 64 72
8 65 46
8 66 85
8 67 59
8 68 11
8 69 83
8 70 34
8 71 1
8 72 46
8 73 26
8 74 99
8 75 5
8 76 77
8 77 1
8 78 6
8 79 52
8 80 96
8 81 46
8 82 82
8 83 72
8 84 36
8 85 77
8 86 100
8 87 53
8 88 43
8 89 1
8 90 45
8 91 81
8 92 75
8 93 41
8 94 17
8 95 91
8 96 84
8 97 49
8 98 96
8 99 47
9 0 6
9 1 45
9 2 3
9 3 94
9 4 7
9 5 82
9 6 24
9 7 82
9 8 15
9 10 93
9 11 57
9 12 57
9 13 53
9 14 7
9 15 93
9 16 85
9 17 76
9 18 67
9 19 18
9 20 92
9 21 60
9 22 62
9 23 50
9 24 5
9 25 19
9 26 96
9 27 29
9 28 88
9 29 11
9 30 50
9 31 48
9 32 84
9 33 40
9 34 69
9 35 3
9 36 15
9 37 71
9 38 59
9 39 25
9 40 90
9 41 85
9 42 43
9 43 11
9 44 83
9 45 48
9 46 36
9 47 38
9 48 76
9 49 38
9 50 68
9 51 51
9 52 38
9 53 30
9 54 99
9 55 56
9 56 72
9 57 79
9 58 86
9 59 70
9 60 1
9 61 33
9 62 33
9 63 77
9 64 93
9 65 54
9 66 25
9 67 2
9 68 30
9 69 95
9 70 70
9 71 19
9 72 54
9 73 57
9 74 50
9 75 31
9 76 20
9 77 4
9 78 57
9 79 56
9 80 99
9 81 37
9 82 8
9 83 25
9 84 99
9 85 61
9 86 26
9 87 11
9 88 74
9 89 24
9 90 56
9 91 17
9 92 97
9 93 49
9 94 72
9 95 39
9 96 77
9 97 66
9 98 63
9 99 9
10 0 50
10 1 68
10 2 55
10 3 64
10 4 100
10 5 4
10 6 94
10 7 3
10 8 64
10 9 31
10 11 32
10 12 92
10 13 99
10 14 22
10 15 30
10 16 30
10 17 59
10 18 48
10 19 5
10 20 77
10 21 78
10 22 52
10 23 86
10 24 79
10 25 40
10 26 54
10 27 84
10 28 52
10 29 49
10 30 86
10 31 24
10 32 20
10 33 98
10 34 55
10 35 5
10 36 40
10 37 59
10 38 43
10 39 14
10 40 42
10 41 84
10 42 67
10 43 60
10 44 45
10 45 92
10 46 24
10 47 20
10 48 22
10 49 81
10 50 32
10 51 34
10 52 63
10 53 90
10 54 77
10 55 62
10 56 34
10 57 56
10 58 51
10 59 24
10 60 47
10 61 12
10 62 40
10 63 71
10 64 49
10 65 95
10 66 18
10 67 78
10 68 46
10 69 4
10 70 85
10 71 2
10 72 59
10 73 2
10 74 95
10 75 74
10 76 62
10 77 53
10 78 85
10 79 79
10 80 5
10 81 62
10 82 55
10 83 56
10 84 63
10 85 56
10 86 55
10 87 3
10 88 16
10 89 57
10 90 22
10 91 88
10 92 5
10 93 97
10 94 19
10 95 8
10 96 23
10 97 73
10 98 52
10 99 78
11 0 64
11 1 88
11 2 68
11 3 98
11 4 61
11 5 52
11 6 6
11 7 1
11 8 43
11 9 3
11 10 35
11 12 84
11 13 45
11 14 51
11 15 59
11 16 17
11 17 66
11 18 15
11 19 1
11 20 33
11 21 80
11 22 33
11 23 20
11 24 27
11 25 65
11 26 93
11 27 22
11 28 67
11 29 61
11 30 77
11 31 46
11 32 87
11 33 80
11 34 96
11 35 43
11 36 13
11 37 43
11 38 66
11 39 34
11 40 3
11 41 28
11 42 77
11 43 25
11 44 9
11 45 63
11 46 8
11 47 14
11 48 38
11 49 70
11 50 69
11 51 26
11 52 20
11 53 52
11 54 30
11 55 45
11 56 36
11 57 12
11 58 80
11 59 67
11 60 60
11 61 36
11 62 23
11 63 55
11 64 72
11 65 69
11 66 79
11 67 78
11 68 93
11 69 16
11 70 42
11 71 7
11 72 60
11 73 29
11 74 50
11 75 78
11 76 6
11 77 44
11 78 76
11 79 77
11 80 44
11 81 100
11 82 90
11 83 9
11 84 35
11 85 80
11 86 73
11 87 49
11 88 73
11 89 41
11 90 32
11 91 15
11 92 95
11 93 25
11 94 35
11 95 30
11 96 79
11 97 49
11 98 75
11 99 84
12 0 13
12 1 36
12 2 53
12 3 21
12 4 97
12 5 83
12 6 88
12 7 14
12 8 14
12 9 37
12 10 4
12 11 37
12 13 40
12 14 91
12 15 84
12 16 80
12 17 33
12 18 46
12 19 21
12 20 52
12 21 81
12 22 38
12 23 35
12 24 77
12 25 50
12 26 94
12 27 44
12 28 4
12 29 15
12 30 16
12 31 96
12 32 57
12 33 73
12 34 31
12 35 18
12 36 41
12 37 55
12 38 15
12 39 44
12 40 44
12 41 58
12 42 22
12 43 83
12 44 11
12 45 79
12 46 7
12 47 90
12 48 70
12 49 98
12 50 45
12 51 14
12 52 38
12 53 32
12 54 35
12 55 43
12 56 32
12 57 64
12 58 62
12 59 96
12 60 13
12 61 89
12 62 47
12 63 88
12 64 45
12 65 24
12 66 84
12 67 18
12 68 67
12 69 8
12 70 44
12 71 49
12 72 30
12 73 12
12 74 82
12 75 31
12 76 13
12 77 29
12 78 34
12 79 22
12 80 67
12 81 6
12 82 42
12 83 16
12 84 38
12 85 25
12 86 57
12 87 72
12 88 79
12 89 53
12 90 18
12 91 13
12 92 13
12 93 43
12 94 87
12 95 40
12 96 100
12 97 74
12 98 85
12 99 46
13 0 6
13 1 73
13 2 18
13 3 90
13 4 12
13 5 23
13 6 11
13 7 48
13 8 100
13 9 44
13 10 67
13 11 19
13 12 44
13 14 35
13 15 90
13 16 33
13 17 50
13 18 47
13 19 96
13 20 46
13 21 63
13 22 73
13 23 29
13 24 39
13 25 43
13 26 28
13 27 83
13 28 42
13 29 44
13 30 14
13 31 7
13 32 99
13 33 12
13 34 64
13 35 12
13 36 38
13 37 29
13 38 46
13 39 77
13 40 37
13 41 47
13 42 12
13 43 60
13 44 5
13 45 93
13 46 59
13 47 20
13 48 63
13 49 73
13 50 75
13 51 60
13 52 60
13 53 51
13 54 19
13 55 30
13 56 54
13 57 53
13 58 65
13 59 78
13 60 77
13 61 28
13 62 41
13 63 6
13 64 4
13 65 97
13 66 87
13 67 21
13 68 99
13 69 1
13 70 19
13 71 49
13 72 52
13 73 75
13 74 34
13 75 29
13 76 26
13 77 35
13 78 5
13 79 81
13 80 51
13 81 6
13 82 55
13 83 55
13 84 75
13 85 44
13 86 10
13 87 100
13 88 82
13 89 22
13 90 73
13 91 75
13 92 26
13 93 17
13 94 29
13 95 84
13 96 61
13 97 1
13 98 69
13 99 13
14 0 41
14 1 36
14 2 99
14 3 76
14 4 43
14 5 18
14 6 73
14 7 100
14 8 57
14 9 60
14 10 17
14 11 95
14 12 43
14 13 17
14 15 8
14 16 100
14 17 25
14 18 24
14 19 36
14 20 50
14 21 50
14 22 24
14 23 43
14 24 87
14 25 14
14 26 4
14 27 41
14 28 48
14 29 14
14 30 40
14 31 68
14 32 49
14 33 23
14 34 88
14 35 72
14 36 40
14 37 5
14 38 49
14 39 71
14 40 60
14 41 46
14 42 84
14 43 40
14 44 79
14 45 94
14 46 56
14 47 58
14 48 14
14 49 89
14 50 45
14 51 72
14 52 66
14 53 74
14 54 2
14 55 68
14 56 49
14 57 21
14 58 96
14 59 85
14 60 3
14 61 27
14 62 43
14 63 41
14 64 20
14 65 96
14 66 37
14 67 57
14 68 48
14 69 98
14 70 70
14 71 45
14 72 82
14 73 25
14 74 16
14 75 47
14 76 90
14 77 93
14 78 62
14 79 6
14 80 62
14 81 33
14 82 58
14 83 98
14 84 59
14 85 20
14 86 19
14 87 68
14 88 59
14 89 21
14 90 80
14 91 99
14 92 29
14 93 42
14 94 1
14 95 60
14 96 40
14 97 70
14 98 10
14 99 66
15 0 17
15 1 7
15 2 70
15 3 45
15 4 81
15 5 34
15 6 71
15 7 84
15 8 63
15 9 59
15 10 24
15 11 24
15 12 99
15 13 40
15 14 59
15 16 78
15 17 1
15 18 12
15 19 16
15 20 23
15 21 2
15 22 81
15 23 1
15 24 78
15 25 7
15 26 42
15 27 81
15 28 33
15 29 64
15 30 63
15 31 52
15 32 74
15 33 24
15 34 65
15 35 60
15 36 52
15 37 59
15 38 70
15 39 1
15 40 71
15 41 36
15 42 19
15 43 85
15 44 63
15 45 16
15 46 6
15 47 97
15 48 46
15 49 7
15 50 12
15 51 39
15 52 36
15 53 70
15 54 71
15 55 3
15 56 34
15 57 54
15 58 29
15 59 96
15 60 44
15 61 99
15 62 32
15 63 6
15 64 72
15 65 6
15 66 68
15 67 28
15 68 7
15 69 84
15 70 63
15 71 89
15 72 61
15 73 73
15 74 17
15 75 63
15 76 90
15 77 89
15 78 11
15 79 38
15 80 17
15 81 65
15 82 97
15 83 25
15 84 58
15 85 98
15 86 61
15 87 12
15 88 30
15 89 53
15 90 93
15 91 22
15 92 80
15 93 9
15 94 54
15 95 60
15 96 1
15 97 13
15 98 61
15 99 79
16 0 19
16 1 93
16 2 99
16 3 9
16 4 1
16 5 95
16 6 21
16 7 83
16 8 81
16 9 24
16 10 78
16 11 76
16 12 94
16 13 78
16 14 33
16 15 92
16 17 94
16 18 33
16 19 99
16 20 20
16 21 17
16 22 63
16 23 48
16 24 40
16 25 34
16 26 17
16 27 100
16 28 13
16 29 99
16 30 50
16 31 30
16 32 19
16 33 40
16 34 46
16 35 13
16 36 73
16 37 85
16 38 5
16 39 96
16 40 90
16 41 59
16 42 29
16 43 24
16 44 7
16 45 37
16 46 40
16 47 56
16 48 59
16 49 97
16 50 69
16 51 29
16 52 10
16 53 51
16 54 31
16 55 96
16 56 81
16 57 12
16 58 20
16 59 29
16 60 9
16 61 1
16 62 68
16 63 1
16 64 59
16 65 5
16 66 7
16 67 15
16 68 39
16 69 64
16 70 67
16 71 76
16 72 23
16 73 30
16 74 27
16 75 81
16 76 26
16 77 12
16 78 6
16 79 71
16 80 49
16 81 68
16 82 73
16 83 65
16 84 57
16 85 24
16 86 33
16 87 14
16 88 77
16 89 26
16 90 18
16 91 97
16 92 2
16 93 80
16 94 86
16 95 6
16 96 96
16 97 59
16 98 73
16 99 85
17 0 51
17 1 48
17 2 59
17 3 84
17 4 42
17 5 71
17 6 94
17 7 56
17 8 75
17 9 68
17 10 76
17 11 73
17 12 8
17 13 72
17 14 40
17 15 51
17 16 91
17 18 28
17 19 98
17 20 16
17 21 20
17 22 74
17 23 10
17 24 42
17 25 19
17 26 27
17 27 15
17 28 26
17 29 92
17 30 19
17 31 97
17 32 68
17 33 79
17 34 31
17 35 53
17 36 100
17 37 30
17 38 80
17 39 31
17 40 63
17 41 43
17 42 9
17 43 15
17 44 74
17 45 5
17 46 95
17 47 13
17 48 5
17 49 93
17 50 49
17 51 11
17 52 82
17 53 88
17 54 8
17 55 36
17 56 73
17 57 19
17 58 26
17 59 8
17 60 56
17 61 38
17 62 73
17 63 52
17 64 47
17 65 19
17 66 28
17 67 3
17 68 17
17 69 3
17 70 84
17 71 42
17 72 8
17 73 97
17 74 58
17 75 29
17 76 32
17 77 43
17 78 57
17 79 37
17 80 22
17 81 32
17 82 86
17 83 55
17 84 85
17 85 47
17 86 96
17 87 11
17 88 36
17 89 7
17 90 77
17 91 79
17 92 100
17 93 77
17 94 78
17 95 17
17 96 41
17 97 64
17 98 38
17 99 57
18 0 19
18 1 10
18 2 18
18 3 17
18 4 35
18 5 77
18 6 90
18 7 24
18 8 3
18 9 72
18 10 73
18 11 65
18 12 96
18 13 81
18 14 12
18 15 16
18 16 50
18 17 15
18 19 60
18 20 75
18 21 1
18 22 5
18 23 75
18 24 14
18 25 58
18 26 46
18 27 18
18 28 58
18 29 71
18 30 64
18 31 27
18 32 67
18 33 29
18 34 67
18 35 56
18 36 56
18 37 11
18 38 45
18 39 49
18 40 51
18 41 29
18 42 4
18 43 80
18 44 67
18 45 75
18 46 62
18 47 42
18 48 17
18 49 100
18 50 20
18 51 35
18 52 54
18 53 24
18 54 18
18 55 6
18 56 58
18 57 61
18 58 86
18 59 2
18 60 74
18 61 96
18 62 53
18 63 59
18 64 80
18 65 99
18 66 19
18 67 84
18 68 61
18 69 25
18 70 76
18 71 39
18 72 67
18 73 49
18 74 6
18 75 86
18 76 67
18 77 35
18 78 83
18 79 32
18 80 51
18 81 94
18 82 8
18 83 55
18 84 48
18 85 40
18 86 22
18 87 44
18 88 15
18 89 5
18 90 64
18 91 26
18 92 46
18 93 36
18 94 44
18 95 60
18 96 28
18 97 22
18 98 46
18 99 33
19 0 26
19 1 97
19 2 17
19 3 44
19 4 93
19 5 3
19 6 57
19 7 54
19 8 25
19 9 83
19 10 28
19 11 53
19 12 81
19 13 58
19 14 89
19 15 64
19 16 79
19 17 15
19 18 73
19 20 83
19 21 56
19 22 50
19 23 45
19 24 99
19 25 31
19 26 62
19 27 63
19 28 32
19 29 32
19 30 59
19 31 100
19 32 57
19 33 72
19 34 21
19 35 21
19 36 84
19 37 67
19 38 87
19 39 1
19 40 2
19 41 67
19 42 58
19 43 55
19 44 80
19 45 35
19 46 8
19 47 80
19 48 8
19 49 16
19 50 17
19 51 13
19 52 72
19 53 82
19 54 22
19 55 8
19 56 9
19 57 69
19 58 9
19 59 5
19 60 3
19 61 62
19 62 85
19 63 55
19 64 25
19 65 38
19 66 68
19 67 57
19 68 17
19 69 70
19 70 65
19 71 7
19 72 72
19 73 42
19 74 23
19 75 55
19 76 71
19 77 98
19 78 48
19 79 56
19 80 7
19 81 75
19 82 33
19 83 71
19 84 13
19 85 51
19 86 9
19 87 49
19 88 52
19 89 23
19 90 60
19 91 80
19 92 86
19 93 86
19 94 11
19 95 5
19 96 91
19 97 35
19 98 39
19 99 66
20 0 67
20 1 5
20 2 61
20 3 48
20 4 18
20 5 70
20 6 85
20 7 97
20 8 32
20 9 71
20 10 59
20 11 31
20 12 28
20 13 76
20 14 45
20 15 91
20 16 39
20 17 93
20 18 30
20 19 40
20 21 63
20 22 6
20 23 68
20 24 68
20 25 27
20 26 40
20 27 87
20 28 37
20 29 37
20 30 95
20 31 68
20 32 71
20 33 77
20 34 75
20 35 72
20 36 2
20 37 36
20 38 45
20 39 19
20 40 44
20 41 67
20 42 59
20 43 24
20 44 23
20 45 23
20 46 61
20 47 92
20 48 14
20 49 79
20 50 84
20 51 28
20 52 59
20 53 46
20 54 97
20 55 51
20 56 77
20 57 85
20 58 53
20 59 10
20 60 7
20 61 21
20 62 24
20 63 76
20 64 88
20 65 99
20 66 80
20 67 64
20 68 71
20 69 14
20 70 19
20 71 85
20 72 21
20 73 28
20 74 96
20 75 31
20 76 47
20 77 71
20 78 54
20 79 45
20 80 98
20 81 49
20 82 67
20 83 91
20 84 93
20 85 91
20 86 8
20 87 68
20 88 43
20 89 68
20 90 57
20 91 86
20 92 33
20 93 83
20 94 28
20 95 45
20 96 88
20 97 26
20 98 54
20 99 96
21 0 84
21 1 21
21 2 25
21 3 14
21 4 5
21 5 78
21 6 7
21 7 16
21 8 84
21 9 52
21 10 71
21 11 64
21 12 17
21 13 91
21 14 19
21 15 44
21 16 100
21 17 6
21 18 40
21 19 55
21 20 21
21 22 94
21 23 20
21 24 55
21 25 97
21 26 99
21 27 90
21 28 10
21 29 94
21 30 43
21 31 10
21 32 44
21 33 20
21 34 99
21 35 64
21 36 7
21 37 5
21 38 48
21 39 60
21 40 19
21 41 56
21 42 48
21 43 38
21 44 61
21 45 21
21 46 64
21 47 35
21 48 46
21 49 15
21 50 69
21 51 12
21 52 42
21 53 7
21 54 100
21 55 98
21 56 92
21 57 5
21 58 57
21 59 15
21 60 57
21 61 3
21 62 59
21 63 54
21 64 81
21 65 76
21 66 92
21 67 80
21 68 56
21 69 28
21 70 58
21 71 18
21 72 1
21 73 15
21 74 73
21 75 31
21 76 56
21 77 42
21 78 58
21 79 65
21 80 37
21 81 53
21 82 84
21 83 27
21 84 27
21 85 89
21 86 54
21 87 18
21 88 11
21 89 89
21 90 81
21 91 8
21 92 44
21 93 89
21 94 83
21 95 36
21 96 27
21 97 82
21 98 72
21 99 11
22 0 58
22 1 26
22 2 10
22 3 69
22 4 8
22 5 85
22 6 41
22 7 7
22 8 44
22 9 35
22 10 45
22 11 34
22 12 62
22 13 96
22 14 62
22 15 66
22 16 52
22 17 34
22 18 29
22 19 100
22 20 58
22 21 19
22 23 77
22 24 27
22 25 52
22 26 13
22 27 19
22 28 83
22 29 75
22 30 56
22 31 94
22 32 65
22 33 3
22 34 56
22 35 12
22 36 20
22 37 29
22 38 60
22 39 21
22 40 79
22 41 2
22 42 100
22 43 82
22 44 71
22 45 89
22 46 73
22 47 39
22 48 64
22 49 34
22 50 69
22 51 82
22 52 90
22 53 86
22 54 50
22 55 53
22 56 92
22 57 46
22 58 51
22 59 68
22 60 61
22 61 14
22 62 10
22 63 77
22 64 1
22 65 20
22 66 50
22 67 81
22 68 78
22 69 51
22 70 54
22 71 67
22 72 63
22 73 100
22 74 15
22 75 7
22 76 17
22 77 73
22 78 28
22 79 12
22 80 47
22 81 19
22 82 48
22 83 43
22 84 16
22 85 75
22 86 12
22 87 24
22 88 91
22 89 10
22 90 73
22 91 64
22 92 35
22 93 20
22 94 64
22 95 9
22 96 66
22 97 40
22 98 17
22 99 11
23 0 58
23 1 18
23 2 51
23 3 28
23 4 20
23 5 88
23 6 45
23 7 99
23 8 65
23 9 98
23 10 93
23 11 36
23 12 64
23 13 24
23 14 17
23 15 69
23 16 9
23 17 36
23 18 66
23 19 75
23 20 39
23 21 90
23 22 22
23 24 67
23 25 68
23 26 79
23 27 51
23 28 9
23 29 23
23 30 48
23 31 69
23 32 27
23 33 38
23 34 5
23 35 82
23 36 51
23 37 34
23 38 78
23 39 66
23 40 24
23 41 58
23 42 42
23 43 68
23 44 34
23 45 37
23 46 60
23 47 58
23 48 13
23 49 5
23 50 100
23 51 6
23 52 26
23 53 79
23 54 31
23 55 53
23 56 67
23 57 85
23 58 51
23 59 32
23 60 60
23 61 10
23 62 23
23 63 20
23 64 74
23 65 33
23 66 41
23 67 23
23 68 95
23 69 4
23 70 54
23 71 25
23 72 96
23 73 41
23 74 70
23 75 26
23 76 93
23 77 49
23 78 86
23 79 68
23 80 48
23 81 13
23 82 24
23 83 22
23 84 23
23 85 87
23 86 54
23 87 83
23 88 52
23 89 88
23 90 44
23 91 98
23 92 24
23 93 51
23 94 3
23 95 52
23 96 65
23 97 90
23 98 39
23 99 97
24 0 76
24 1 19
24 2 54
24 3 17
24 4 77
24 5 85
24 6 23
24 7 71
24 8 83
24 9 11
24 10 26
24 11 20
24 12 35
24 13 96
24 14 17
24 15 7
24 16 60
24 17 29
24 18 6
24 19 90
24 20 72
24 21 99
24 22 73
24 23 80
24 25 14
24 26 11
24 27 2
24 28 26
24 29 66
24 30 42
24 31 7
24 32 75
24 33 58
24 34 31
24 35 68
24 36 13
24 37 30
24 38 59
24 39 62
24 40 37
24 41 67
24 42 86
24 43 9
24 44 12
24 45 100
24 46 81
24 47 51
24 48 28
24 49 37
24 50 80
24 51 55
24 52 42
24 53 43
24 54 32
24 55 44
24 56 53
24 57 19
24 58 10
24 59 4
24 60 3
24 61 61
24 62 67
24 63 24
24 64 35
24 65 22
24 66 52
24 67 66
24 68 28
24 69 98
24 70 98
24 71 72
24 72 35
24 73 72
24 74 89
24 75 7
24 76 44
24 77 57
24 78 41
24 79 49
24 80 77
24 81 55
24 82 7
24 83 21
24 84 61
24 85 92
24 86 15
24 87 75
24 88 72
24 89 76
24 90 37
24 91 95
24 92 87
24 93 78
24 94 29
24 95 79
24 96 94
24 97 79
24 98 41
24 99 17
25 0 79
25 1 3
25 2 19
25 3 15
25 4 35
25 5 16
25 6 92
25 7 55
25 8 94
25 9 10
25 10 41
25 11 6
25 12 84
25 13 15
25 14 54
25 15 28
25 16 95
25 17 48
25 18 91
25 19 74
25 20 21
25 21 66
25 22 6
25 23 29
25 24 40
25 26 44
25 27 73
25 28 64
25 29 26
25 30 49
25 31 11
25 32 57
25 33 76
25 34 29
25 35 69
25 36 95
25 37 47
25 38 15
25 39 86
25 40 87
25 41 11
25 42 8
25 43 12
25 44 1
25 45 31
25 46 61
25 47 30
25 48 96
25 49 62
25 50 74
25 51 85
25 52 45
25 53 76
25 54 16
25 55 13
25 56 7
25 57 25
25 58 60
25 59 65
25 60 20
25 61 62
25 62 8
25 63 21
25 64 49
25 65 87
25 66 26
25 67 79
25 68 55
25 69 87
25 70 22
25 71 57
25 72 28
25 73 77
25 74 97
25 75 39
25 76 72
25 77 6
25 78 29
25 79 66
25 80 49
25 81 52
25 82 75
25 83 51
25 84 37
25 85 56
25 86 90
25 87 17
25 88 80
25 89 63
25 90 72
25 91 62
25 92 68
25 93 84
25 94 92
25 95 24
25 96 27
25 97 96
25 98 69
25 99 34
26 0 5
26 1 50
26 2 59
26 3 85
26 4 54
26 5 54
26 6 36
26 7 100
26 8 23
26 9 16
26 10 46
26 11 3
26 12 22
26 13 53
26 14 34
26 15 42
26 16 20
26 17 7
26 18 28
26 19 23
26 20 59
26 21 83
26 22 79
26 23 58
26 24 19
26 25 68
26 27 13
26 28 77
26 29 38
26 30 17
26 31 48
26 32 56
26 33 68
26 34 72
26 35 56
26 36 53
26 37 14
26 38 42
26 39 10
26 40 69
26 41 99
26 42 58
26 43 2
26 44 98
26 45 74
26 46 94
26 47 72
26 48 15
26 49 34
26 50 40
26 51 92
26 52 69
26 53 85
26 54 33
26 55 73
26 56 93
26 57 79
26 58 73
26 59 48
26 60 27
26 61 5
26 62 90
26 63 55
26 64 89
26 65 98
26 66 5
26 67 40
26 68 20
26 69 75
26 70 87
26 71 10
26 72 52
26 73 25
26 74 81
26 75 64
26 76 21
26 77 51
26 78 14
26 79 32
26 80 62
26 81 24
26 82 40
26 83 55
26 84 95
26 85 72
26 86 12
26 87 43
26 88 50
26 89 64
26 90 31
26 91 60
26 92 35
26 93 62
26 94 74
26 95 59
26 96 38
26 97 55
26 98 32
26 99 61
27 0 59
27 1 10
27 2 17
27 3 63
27 4 87
27 5 41
27 6 25
27 7 86
27 8 57
27 9 70
27 10 93
27 11 49
27 12 55
27 13 15
27 14 58
27 15 20
27 16 65
27 17 67
27 18 6
27 19 32
27 20 8
27 21 70
27 22 66
27 23 99
27 24 76
27 25 34
27 26 41
27 28 25
27 29 39
27 30 48
27 31 99
27 32 90
27 33 31
27 34 66
27 35 50
27 36 60
27 37 90
27 38 36
27 39 71
27 40 92
27 41 88
27 42 66
27 43 63
27 44 63
27 45 69
27 46 41
27 47 44
27 48 24
27 49 71
27 50 3
27 51 17
27 52 98
27 53 14
27 54 10
27 55 87
27 56 39
27 57 79
27 58 62
27 59 98
27 60 93
27 61 32
27 62 48
27 63 2
27 64 49
27 65 24
27 66 39
27 67 13
27 68 59
27 69 75
27 70 19
27 71 38
27 72 13
27 73 40
27 74 12
27 75 63
27 76 42
27 77 29
27 78 53
27 79 30
27 80 39
27 81 31
27 82 80
27 83 92
27 84 16
27 85 21
27 86 62
27 87 55
27 88 79
27 89 56
27 90 14
27 91 1
27 92 34
27 93 58
27 94 31
27 95 15
27 96 41
27 97 18
27 98 54
27 99 64
28 0 84
28 1 92
28 2 48
28 3 78
28 4 45
28 5 87
28 6 45
28 7 73
28 8 32
28 9 91
28 10 65
28 11 26
28 12 83
28 13 85
28 14 73
28 15 77
28 16 78
28 17 11
28 18 72
28 19 62
28 20 75
28 21 86
28 22 37
28 23 99
28 24 46
28 25 41
28 26 31
28 27 68
28 29 30
28 30 13
28 31 6
28 32 95
28 33 3
28 34 61
28 35 55
28 36 17
28 37 48
28 38 13
28 39 93
28 40 23
28 41 85
28 42 85
28 43 78
28 44 100
28 45 49
28 46 100
28 47 54
28 48 46
28 49 14
28 50 41
28 51 26
28 52 44
28 53 45
28 54 75
28 55 86
28 56 97
28 57 5
28 58 88
28 59 47
28 60 38
28 61 60
28 62 81
28 63 26
28 64 70
28 65 24
28 66 100
28 67 45
28 68 53
28 69 46
28 70 84
28 71 55
28 72 30
28 73 32
28 74 87
28 75 9
28 76 82
28 77 40
28 78 5
28 79 58
28 80 44
28 81 67
28 82 13
28 83 83
28 84 16
28 85 51
28 86 100
28 87 93
28 88 1
28 89 94
28 90 75
28 91 28
28 92 72
28 93 59
28 94 59
28 95 78
28 96 21
28 97 46
28 98 96
28 99 10
29 0 2
29 1 29
29 2 92
29 3 76
29 4 83
29 5 45
29 6 43
29 7 74
29 8 47
29 9 46
29 10 3
29 11 58
29 12 85
29 13 84
29 14 100
29 15 59
29 16 32
29 17 87
29 18 54
29 19 22
29 20 70
29 21 20
29 22 8
29 23 62
29 24 93
29 25 43
29 26 36
29 27 22
29 28 38
29 30 80
29 31 54
29 32 95
29 33 37
29 34 93
29 35 30
29 36 23
29 37 94
29 38 95
29 39 91
29 40 34
29 41 92
29 42 9
29 43 96
29 44 27
29 45 31
29 46 83
29 47 57
29 48 13
29 49 57
29 50 54
29 51 51
29 52 86
29 53 21
29 54 31
29 55 2
29 56 56
29 57 56
29 58 88
29 59 63
29 60 89
29 61 13
29 62 16
29 63 44
29 64 86
29 65 85
29 66 26
29 67 78
29 68 61
29 69 61
29 70 24
29 71 99
29 72 17
29 73 33
29 74 89
29 75 37
29 76 14
29 77 89
29 78 74
29 79 91
29 80 25
29 81 20
29 82 29
29 83 87
29 84 22
29 85 55
29 86 5
29 87 64
29 88 25
29 89 27
29 90 42
29 91 64
29 92 12
29 93 89
29 94 28
29 95 59
29 96 45
29 97 20
29 98 28
29 99 17
30 0 29
30 1 78
30 2 16
30 3 25
30 4 14
30 5 58
30 6 49
30 7 76
30 8 86
30 9 81
30 10 90
30 11 87
30 12 99
30 13 35
30 14 8
30 15 41
30 16 36
30 17 53
30 18 74
30 19 94
30 20 71
30 21 47
30 22 10
30 23 75
30 24 84
30 25 100
30 26 96
30 27 64
30 28 28
30 29 96
30 31 83
30 32 50
30 33 91
30 34 82
30 35 85
30 36 56
30 37 55
30 38 23
30 39 77
30 40 93
30 41 5
30 42 73
30 43 11
30 44 2
30 45 99
30 46 21
30 47 82
30 48 37
30 49 61
30 50 54
30 51 100
30 52 26
30 53 96
30 54 91
30 55 20
30 56 76
30 57 62
30 58 60
30 59 37
30 60 95
30 61 14
30 62 63
30 63 80
30 64 23
30 65 26
30 66 6
30 67 88
30 68 46
30 69 31
30 70 2
30 71 93
30 72 79
30 73 36
30 74 25
30 75 92
30 76 58
30 77 75
30 78 41
30 79 81
30 80 68
30 81 96
30 82 47
30 83 39
30 84 31
30 85 43
30 86 31
30 87 98
30 88 38
30 89 99
30 90 1
30 91 98
30 92 3
30 93 60
30 94 32
30 95 44
30 96 77
30 97 45
30 98 83
30 99 36
31 0 54
31 1 100
31 2 49
31 3 99
31 4 68
31 5 11
31 6 19
31 7 96
31 8 8
31 9 20
31 10 34
31 11 17
31 12 81
31 13 82
31 14 64
31 15 2
31 16 78
31 17 33
31 18 97
31 19 60
31 20 36
31 21 21
31 22 64
31 23 37
31 24 60
31 25 38
31 26 5
31 27 69
31 28 30
31 29 10
31 30 55
31 32 67
31 33 63
31 34 77
31 35 49
31 36 50
31 37 78
31 38 67
31 39 86
31 40 71
31 41 61
31 42 9
31 43 31
31 44 74
31 45 13
31 46 24
31 47 47
31 48 39
31 49 13
31 50 87
31 51 71
31 52 49
31 53 24
31 54 100
31 55 88
31 56 97
31 57 80
31 58 24
31 59 100
31 60 92
31 61 70
31 62 91
31 63 76
31 64 73
31 65 15
31 66 73
31 67 14
31 68 21
31 69 52
31 70 47
31 71 13
31 72 37
31 73 35
31 74 67
31 75 27
31 76 90
31 77 27
31 78 96
31 79 33
31 80 91
31 81 46
31 82 43
31 83 46
31 84 76
31 85 86
31 86 69
31 87 60
31 88 65
31 89 90
31 90 37
31 91 61
31 92 58
31 93 95
31 94 61
31 95 40
31 96 55
31 97 1
31 98 9
31 99 18
32 0 17
32 1 7
32 2 6
32 3 40
32 4 7
32 5 30
32 6 1
32 7 62
32 8 87
32 9 62
32 10 72
32 11 46
32 12 38
32 13 13
32 14 27
32 15 18
32 16 96
32 17 64
32 18 56
32 19 9
32 20 16
32 21 48
32 22 62
32 23 94
32 24 81
32 25 54
32 26 25
32 27 23
32 28 43
32 29 62
32 30 86
32 31 61
32 33 23
32 34 24
32 35 92
32 36 65
32 37 35
32 38 91
32 39 90
32 40 68
32 41 18
32 42 47
32 43 30
32 44 45
32 45 22
32 46 88
32 47 13
32 48 2
32 49 61
32 50 26
32 51 25
32 52 9
32 53 22
32 54 95
32 55 67
32 56 25
32 57 13
32 58 80
32 59 60
32 60 67
32 61 55
32 62 100
32 63 93
32 64 10
32 65 37
32 66 57
32 67 18
32 68 63
32 69 28
32 70 69
32 71 45
32 72 1
32 73 73
32 74 90
32 75 74
32 76 1
32 77 71
32 78 65
32 79 40
32 80 98
32 81 38
32 82 41
32 83 39
32 84 69
32 85 40
32 86 2
32 87 93
32 88 66
32 89 3
32 90 84
32 91 37
32 92 97
32 93 6
32 94 22
32 95 26
32 96 31
32 97 29
32 98 79
32 99 4
33 0 63
33 1 85
33 2 72
33 3 88
33 4 60
33 5 32
33 6 54
33 7 71
33 8 70
33 9 26
33 10 15
33 11 88
33 12 61
33 13 43
33 14 99
33 15 60
33 16 67
33 17 19
33 18 83
33 19 41
33 20 96
33 21 73
33 22 51
33 23 25
33 24 57
33 25 49
33 26 72
33 27 81
33 28 75
33 29 73
33 30 80
33 31 41
33 32 33
33 34 40
33 35 98
33 36 14
33 37 57
33 38 80
33 39 90
33 40 95
33 41 78
33 42 77
33 43 4
33 44 89
33 45 68
33 46 91
33 47 55
33 48 55
33 49 44
33 50 57
33 51 49
33 52 96
33 53 25
33 54 60
33 55 71
33 56 88
33 57 77
33 58 25
33 59 96
33 60 91
33 61 81
33 62 73
33 63 39
33 64 43
33 65 38
33 66 79
33 67 31
33 68 98
33 69 20
33 70 44
33 71 71
33 72 47
33 73 38
33 74 6
33 75 50
33 76 84
33 77 21
33 78 6
33 79 21
33 80 29
33 81 56
33 82 23
33 83 34
33 84 86
33 85 27
33 86 17
33 87 23
33 88 1
33 89 9
33 90 96
33 91 98
33 92 29
33 93 16
33 94 48
33 95 67
33 96 11
33 97 20
33 98 21
33 99 62
34 0 73
34 1 52
34 2 11
34 3 50
34 4 100
34 5 91
34 6 96
34 7 87
34 8 5
34 9 62
34 10 86
34 11 50
34 12 49
34 13 92
34 14 34
34 15 91
34 16 13
34 17 36
34 18 73
34 19 59
34 20 73
34 21 70
34 22 49
34 23 41
34 24 62
34 25 16
34 26 8
34 27 85
34 28 11
34 29 63
34 30 86
34 31 27
34 32 96
34 33 99
34 35 22
34 36 74
34 37 7
34 38 91
34 39 21
34 40 5
34 41 2
34 42 86
34 43 36
34 44 46
34 45 51
34 46 25
34 47 97
34 48 12
34 49 21
34 50 12
34 51 35
34 52 65
34 53 90
34 54 94
34 55 91
34 56 21
34 57 59
34 58 89
34 59 68
34 60 77
34 61 4
34 62 75
34 63 78
34 64 41
34 65 21
34 66 40
34 67 71
34 68 17
34 69 57
34 70 58
34 71 44
34 72 96
34 73 9
34 74 27
34 75 59
34 76 100
34 77 28
34 78 41
34 79 89
34 80 68
34 81 81
34 82 53
34 83 64
34 84 4
34 85 29
34 86 60
34 87 26
34 88 92
34 89 30
34 90 86
34 91 37
34 92 6
34 93 74
34 94 87
34 95 58
34 96 1
34 97 71
34 98 64
34 99 22
35 0 7
35 1 71
35 2 65
35 3 25
35 4 23
35 5 15
35 6 14
35 7 26
35 8 29
35 9 37
35 10 82
35 11 25
35 12 99
35 13 52
35 14 24
35 15 5
35 16 80
35 17 77
35 18 2
35 19 51
35 20 88
35 21 70
35 22 81
35 23 11
35 24 94
35 25 71
35 26 8
35 27 40
35 28 61
35 29 84
35 30 94
35 31 62
35 32 94
35 33 10
35 34 66
35 36 94
35 37 36
35 38 7
35 39 38
35 40 48
35 41 44
35 42 56
35 43 95
35 44 75
35 45 58
35 46 25
35 47 60
35 48 12
35 49 87
35 50 85
35 51 43
35 52 56
35 53 61
35 54 67
35 55 39
35 56 26
35 57 70
35 58 37
35 59 38
35 60 8
35 61 61
35 62 22
35 63 46
35 64 99
35 65 12
35 66 53
35 67 4
35 68 42
35 69 70
35 70 93
35 71 36
35 72 24
35 73 82
35 74 56
35 75 40
35 76 98
35 77 78
35 78 97
35 79 78
35 80 20
35 81 32
35 82 26
35 83 36
35 84 68
35 85 98
35 86 55
35 87 42
35 88 82
35 89 12
35 90 48
35 91 11
35 92 60
35 93 37
35 94 54
35 95 9
35 96 7
35 97 46
35 98 67
35 99 88
36 0 38
36 1 75
36 2 85
36 3 38
36 4 52
36 5 77
36 6 40
36 7 15
36 8 65
36 9 53
36 10 4
36 11 74
36 12 39
36 13 8
36 14 72
36 15 37
36 16 54
36 17 13
36 18 78
36 19 66
36 20 9
36 21 17
36 22 45
36 23 89
36 24 11
36 25 50
36 26 18
36 27 97
36 28 90
36 29 26
36 30 79
36 31 16
36 32 72
36 33 93
36 34 10
36 35 38
36 37 66
36 38 81
36 39 12
36 40 30
36 41 64
36 42 65
36 43 9
36 44 82
36 45 35
36 46 43
36 47 55
36 48 6
36 49 22
36 50 70
36 51 48
36 52 51
36 53 3
36 54 23
36 55 30
36 56 19
36 57 26
36 58 3
36 59 60
36 60 55
36 61 90
36 62 72
36 63 67
36 64 61
36 65 31
36 66 97
36 67 68
36 68 5
36 69 18
36 70 17
36 71 8
36 72 84
36 73 14
36 74 35
36 75 29
36 76 76
36 77 12
36 78 71
36 79 73
36 80 35
36 81 65
36 82 1
36 83 53
36 84 54
36 85 1
36 86 78
36 87 27
36 88 73
36 89 100
36 90 72
36 91 95
36 92 57
36 93 53
36 94 69
36 95 75
36 96 90
36 97 78
36 98 84
36 99 46
37 0 32
37 1 32
37 2 65
37 3 55
37 4 40
37 5 74
37 6 99
37 7 19
37 8 39
37 9 75
37 10 59
37 11 51
37 12 15
37 13 42
37 14 71
37 15 45
37 16 62
37 17 58
37 18 16
37 19 29
37 20 32
37 21 28
37 22 52
37 23 94
37 24 28
37 25 1
37 26 59
37 27 29
37 28 39
37 29 94
37 30 86
37 31 100
37 32 67
37 33 8
37 34 42
37 35 8
37 36 2
37 38 71
37 39 15
37 40 42
37 41 81
37 42 94
37 43 72
37 44 87
37 45 5
37 46 84
37 47 25
37 48 71
37 49 63
37 50 5
37 51 29
37 52 8
37 53 51
37 54 62
37 55 49
37 56 66
37 57 36
37 58 56
37 59 94
37 60 4
37 61 58
37 62 2
37 63 81
37 64 60
37 65 67
37 66 8
37 67 39
37 68 18
37 69 96
37 70 14
37 71 15
37 72 71
37 73 67
37 74 86
37 75 48
37 76 60
37 77 94
37 78 48
37 79 78
37 80 44
37 81 94
37 82 26
37 83 27
37 84 29
37 85 21
37 86 65
37 87 34
37 88 32
37 89 15
37 90 4
37 91 69
37 92 57
37 93 57
37 94 55
37 95 98
37 96 34
37 97 90
37 98 2
37 99 45
38 0 88
38 1 95
38 2 26
38 3 53
38 4 71
38 5 41
38 6 84
38 7 35
38 8 59
38 9 89
38 10 27
38 11 57
38 12 23
38 13 35
38 14 38
38 15 100
38 16 81
38 17 89
38 18 54
38 19 52
38 20 13
38 21 28
38 22 82
38 23 57
38 24 78
38 25 62
38 26 63
38 27 33
38 28 36
38 29 43
38 30 81
38 31 80
38 32 47
38 33 35
38 34 56
38 35 93
38 36 90
38 37 56
38 39 64
38 40 35
38 41 6
38 42 67
38 43 40
38 44 30
38 45 48
38 46 31
38 47 94
38 48 89
38 49 19
38 50 53
38 51 20
38 52 75
38 53 54
38 54 16
38 55 78
38 56 66
38 57 41
38 58 11
38 59 75
38 60 45
38 61 38
38 62 54
38 63 97
38 64 18
38 65 46
38 66 16
38 67 74
38 68 5
38 69 35
38 70 17
38 71 39
38 72 94
38 73 52
38 74 60
38 75 75
38 76 53
38 77 63
38 78 40
38 79 36
38 80 96
38 81 63
38 82 87
38 83 22
38 84 77
38 85 22
38 86 16
38 87 41
38 88 33
38 89 32
38 90 82
38 91 54
38 92 99
38 93 34
38 94 42
38 95 74
38 96 90
38 97 52
38 98 60
38 99 22
39 0 47
39 1 17
39 2 62
39 3 26
39 4 75
39 5 89
39 6 16
39 7 13
39 8 4
39 9 40
39 10 36
39 11 8
39 12 32
39 13 24
39 14 18
39 15 14
39 16 64
39 17 63
39 18 86
39 19 33
39 20 95
39 21 77
39 22 76
39 23 64
39 24 79
39 25 59
39 26 98
39 27 38
39 28 38
39 29 62
39 30 19
39 31 18
39 32 90
39 33 4
39 34 1
39 35 17
39 36 34
39 37 41
39 38 99
39 40 18
39 41 79
39 42 67
39 43 16
39 44 46
39 45 80
39 46 32
39 47 30
39 48 78
39 49 10
39 50 34
39 51 12
39 52 29
39 53 25
39 54 78
39 55 17
39 56 44
39 57 60
39 58 94
39 59 1
39 60 66
39 61 83
39 62 75
39 63 10
39 64 34
39 65 59
39 66 88
39 67 37
39 68 11
39 69 54
39 70 36
39 71 3
39 72 75
39 73 17
39 74 85
39 75 52
39 76 70
39 77 34
39 78 49
39 79 3
39 80 14
39 81 15
39 82 53
39 83 35
39 84 40
39 85 40
39 86 22
39 87 60
39 88 52
39 89 54
39 90 41
39 91 58
39 92 98
39 93 2
39 94 97
39 95 97
39 96 16
39 97 35
39 98 89
39 99 36
40 0 31
40 1 15
40 2 87
40 3 5
40 4 6
40 5 88
40 6 66
40 7 5
40 8 60
40 9 33
40 10 23
40 11 50
40 12 45
40 13 14
40 14 38
40 15 98
40 16 87
40 17 62
40 18 55
40 19 47
40 20 82
40 21 80
40 22 79
40 23 99
40 24 36
40 25 99
40 26 98
40 27 84
40 28 58
40 29 66
40 30 16
40 31 35
40 32 75
40 33 88
40 34 2
40 35 71
40 36 67
40 37 27
40 38 80
40 39 51
40 41 26
40 42 43
40 43 99
40 44 13
40 45 14
40 46 13
40 47 31
40 48 76
40 49 61
40 50 16
40 51 49
40 52 98
40 53 23
40 54 55
40 55 10
40 56 39
40 57 19
40 58 90
40 59 66
40 60 2
40 61 1
40 62 39
40 63 81
40 64 89
40 65 12
40 66 61
40 67 64
40 68 88
40 69 27
40 70 31
40 71 29
40 72 27
40 73 44
40 74 62
40 75 49
40 76 7
40 77 3
40 78 24
40 79 39
40 80 83
40 81 63
40 82 22
40 83 67
40 84 65
40 85 3
40 86 22
40 87 91
40 88 84
40 89 48
40 90 18
40 91 28
40 92 79
40 93 67
40 94 61
40 95 72
40 96 51
40 97 20
40 98 74
40 99 97
41 0 15
41 1 42
41 2 48
41 3 33
41 4 13
41 5 78
41 6 41
41 7 51
41 8 98
41 9 78
41 10 30
41 11 30
41 12 94
41 13 79
41 14 88
41 15 62
41 16 66
41 17 18
41 18 51
41 19 80
41 20 47
41 21 37
41 22 98
41 23 36
41 24 99
41 25 99
41 26 74
41 27 72
41 28 92
41 29 39
41 30 17
41 31 49
41 32 15
41 33 98
41 34 57
41 35 23
41 36 24
41 37 94
41 38 57
41 39 49
41 40 40
41 42 82
41 43 14
41 44 92
41 45 65
41 46 82
41 47 53
41 48 6
41 49 64
41 50 6
41 51 83
41 52 33
41 53 65
41 54 24
41 55 63
41 56 29
41 57 21
41 58 65
41 59 96
41 60 92
41 61 15
41 62 45
41 63 84
41 64 21
41 65 66
41 66 14
41 67 75
41 68 86
41 69 73
41 70 11
41 71 97
41 72 91
41 73 17
41 74 52
41 75 17
41 76 28
41 77 96
41 78 3
41 79 71
41 80 10
41 81 29
41 82 93
41 83 93
41 84 46
41 85 40
41 86 74
41 87 20
41 88 65
41 89 21
41 90 42
41 91 53
41 92 5
41 93 6
41 94 99
41 95 45
41 96 16
41 97 7
41 98 14
41 99 43
42 0 76
42 1 15
42 2 74
42 3 77
42 4 94
42 5 37
42 6 84
42 7 32
42 8 69
42 9 20
42 10 87
42 11 30
42 12 9
42 13 35
42 14 18
42 15 44
42 16 96
42 17 92
42 18 31
42 19 20
42 20 84
42 21 60
42 22 29
42 23 12
42 24 35
42 25 12
42 26 75
42 27 50
42 28 55
42 29 25
42 30 37
42 31 83
42 32 21
42 33 74
42 34 58
42 35 59
42 36 98
42 37 78
42 38 70
42 39 16
42 40 31
42 41 43
42 43 73
42 44 70
42 45 57
42 46 55
42 47 60
42 48 1
42 49 20
42 50 38
42 51 48
42 52 62
42 53 99
42 54 87
42 55 86
42 56 11
42 57 61
42 58 11
42 59 91
42 60 62
42 61 86
42 62 61
42 63 58
42 64 61
42 65 89
42 66 54
42 67 49
42 68 21
42 69 28
42 70 48
42 71 95
42 72 19
42 73 75
42 74 79
42 75 100
42 76 3
42 77 60
42 78 17
42 79 62
42 80 45
42 81 43
42 82 48
42 83 8
42 84 92
42 85 81
42 86 2
42 87 20
42 88 92
42 89 6
42 90 86
42 91 25
42 92 18
42 93 18
42 94 99
42 95 35
42 96 53
42 97 52
42 98 43
42 99 4
43 0 62
43 1 24
43 2 80
43 3 29
43 4 1
43 5 51
43 6 98
43 7 10
43 8 98
43 9 43
43 10 28
43 11 55
43 12 45
43 13 34
43 14 30
43 15 30
43 16 43
43 17 54
43 18 35
43 19 85
43 20 38
43 21 80
43 22 87
43 23 40
43 24 93
43 25 4
43 26 79
43 27 84
43 28 40
43 29 40
43 30 59
43 31 82
43 32 19
43 33 6
43 34 42
43 35 46
43 36 80
43 37 74
43 38 85
43 39 57
43 40 40
43 41 56
43 42 23
43 44 26
43 45 81
43 46 3
43 47 57
43 48 11
43 49 46
43 50 60
43 51 34
43 52 69
43 53 39
43 54 54
43 55 44
43 56 75
43 57 34
43 58 49
43 59 9
43 60 88
43 61 40
43 62 99
43 63 95
43 64 91
43 65 11
43 66 50
43 67 77
43 68 56
43 69 42
43 70 24
43 71 38
43 72 11
43 73 85
43 74 60
43 75 35
43 76 59
43 77 34
43 78 97
43 79 63
43 80 98
43 81 11
43 82 47
43 83 52
43 84 75
43 85 16
43 86 78
43 87 46
43 88 81
43 89 32
43 90 43
43 91 30
43 92 97
43 93 41
43 94 64
43 95 13
43 96 29
43 97 28
43 98 34
43 99 100
44 0 77
44 1 55
44 2 48
44 3 88
44 4 24
44 5 71
44 6 81
44 7 66
44 8 3
44 9 5
44 10 69
44 11 49
44 12 83
44 13 80
44 14 29
44 15 26
44 16 8
44 17 76
44 18 74
44 19 2
44 20 10
44 21 74
44 22 83
44 23 20
44 24 38
44 25 35
44 26 53
44 27 51
44 28 78
44 29 33
44 30 26
44 31 3
44 32 9
44 33 66
44 34 48
44 35 29
44 36 8
44 37 18
44 38 57
44 39 48
44 40 48
44 41 31
44 42 82
44 43 93
44 45 21
44 46 27
44 47 3
44 48 68
44 49 45
44 50 33
44 51 24
44 52 19
44 53 93
44 54 33
44 55 98
44 56 64
44 57 80
44 58 47
44 59 93
44 60 35
44 61 68
44 62 65
44 63 85
44 64 45
44 65 61
44 66 70
44 67 15
44 68 79
44 69 97
44 70 67
44 71 95
44 72 25
44 73 48
44 74 72
44 75 49
44 76 95
44 77 42
44 78 12
44 79 76
44 80 54
44 81 5
44 82 56
44 83 37
44 84 36
44 85 89
44 86 49
44 87 5
44 88 35
44 89 25
44 90 35
44 91 14
44 92 16
44 93 38
44 94 70
44 95 17
44 96 92
44 97 40
44 98 39
44 99 33
45 0 99
45 1 53
45 2 27
45 3 34
45 4 85
45 5 40
45 6 28
45 7 85
45 8 100
45 9 7
45 10 13
45 11 68
45 12 98
45 13 11
45 14 18
45 15 86
45 16 9
45 17 69
45 18 16
45 19 61
45 20 93
45 21 74
45 22 4
45 23 27
45 24 11
45 25 45
45 26 14
45 27 50
45 28 55
45 29 23
45 30 89
45 31 89
45 32 36
45 33 99
45 34 86
45 35 57
45 36 82
45 37 75
45 38 12
45 39 21
45 40 69
45 41 61
45 42 8
45 43 23
45 44 61
45 46 24
45 47 95
45 48 36
45 49 37
45 50 56
45 51 79
45 52 98
45 53 29
45 54 2
45 55 34
45 56 82
45 57 9
45 58 11
45 59 20
45 60 68
45 61 65
45 62 4
45 63 15
45 64 77
45 65 48
45 66 75
45 67 10
45 68 51
45 69 79
45 70 96
45 71 23
45 72 78
45 73 6
45 74 51
45 75 83
45 76 43
45 77 50
45 78 67
45 79 79
45 80 31
45 81 10
45 82 82
45 83 37
45 84 82
45 85 89
45 86 35
45 87 12
45 88 62
45 89 62
45 90 75
45 91 32
45 92 93
45 93 49
45 94 2
45 95 23
45 96 63
45 97 32
45 98 99
45 99 77
46 0 45
46 1 21
46 2 76
46 3 12
46 4 30
46 5 78
46 6 30
46 7 22
46 8 67
46 9 24
46 10 17
46 11 55
46 12 91
46 13 34
46 14 8
46 15 65
46 16 69
46 17 100
46 18 40
46 19 6
46 20 2
46 21 3
46 22 3
46 23 6
46 24 84
46 25 76
46 26 55
46 27 45
46 28 86
46 29 63
46 30 83
46 31 99
46 32 67
46 33 2
46 34 93
46 35 93
46 36 99
46 37 53
46 38 4
46 39 28
46 40 89
46 41 48
46 42 62
46 43 63
46 44 20
46 45 97
46 47 39
46 48 61
46 49 13
46 50 88
46 51 5
46 52 38
46 53 66
46 54 47
46 55 98
46 56 56
46 57 56
46 58 35
46 59 73
46 60 28
46 61 33
46 62 72
46 63 74
46 64 79
46 65 94
46 66 88
46 67 84
46 68 43
46 69 56
46 70 11
46 71 40
46 72 93
46 73 62
46 74 44
46 75 14
46 76 16
46 77 38
46 78 91
46 79 53
46 80 53
46 81 14
46 82 45
46 83 19
46 84 42
46 85 90
46 86 2
46 87 63
46 88 63
46 89 69
46 90 50
46 91 35
46 92 24
46 93 52
46 94 19
46 95 52
46 96 88
46 97 88
46 98 86
46 99 15
47 0 68
47 1 32
47 2 97
47 3 47
47 4 43
47 5 22
47 6 76
47 7 82
47 8 1
47 9 19
47 10 5
47 11 87
47 12 58
47 13 16
47 14 30
47 15 47
47 16 53
47 17 10
47 18 90
47 19 82
47 20 66
47 21 70
47 22 73
47 23 88
47 24 25
47 25 62
47 26 59
47 27 46
47 28 26
47 29 24
47 30 38
47 31 1
47 32 43
47 33 57
47 34 56
47 35 28
47 36 35
47 37 44
47 38 71
47 39 78
47 40 53
47 41 10
47 42 87
47 43 52
47 44 1
47 45 39
47 46 24
47 48 52
47 49 22
47 50 98
47 51 21
47 52 27
47 53 72
47 54 70
47 55 43
47 56 82
47 57 85
47 58 64
47 59 44
47 60 25
47 61 80
47 62 97
47 63 10
47 64 95
47 65 99
47 66 3
47 67 83
47 68 83
47 69 23
47 70 100
47 71 8
47 72 45
47 73 15
47 74 68
47 75 38
47 76 88
47 77 34
47 78 98
47 79 80
47 80 89
47 81 43
47 82 6
47 83 64
47 84 25
47 85 88
47 86 61
47 87 35
47 88 95
47 89 74
47 90 76
47 91 1
47 92 84
47 93 92
47 94 40
47 95 30
47 96 87
47 97 4
47 98 34
47 99 36
48 0 74
48 1 8
48 2 59
48 3 21
48 4 23
48 5 1
48 6 20
48 7 10
48 8 42
48 9 34
48 10 44
48 11 3
48 12 90
48 13 49
48 14 7
48 15 7
48 16 72
48 17 89
48 18 28
48 19 37
48 20 58
48 21 29
48 22 68
48 23 83
48 24 87
48 25 14
48 26 38
48 27 56
48 28 51
48 29 30
48 30 33
48 31 63
48 32 37
48 33 7
48 34 72
48 35 70
48 36 9
48 37 40
48 38 40
48 39 89
48 40 31
48 41 99
48 42 24
48 43 100
48 44 85
48 45 50
48 46 61
48 47 32
48 49 78
48 50 67
48 51 15
48 52 15
48 53 57
48 54 23
48 55 76
48 56 87
48 57 83
48 58 46
48 59 98
48 60 25
48 61 20
48 62 86
48 63 78
48 64 7
48 65 53
48 66 14
48 67 53
48 68 29
48 69 25
48 70 55
48 71 17
48 72 92
48 73 20
48 74 95
48 75 92
48 76 76
48 77 43
48 78 70
48 79 80
48 80 18
48 81 92
48 82 73
48 83 97
48 84 100
48 85 63
48 86 11
48 87 3
48 88 83
48 89 99
48 90 75
48 91 9
48 92 45
48 93 47
48 94 58
48 95 86
48 96 60
48 97 5
48 98 25
48 99 42
49 0 24
49 1 19
49 2 80
49 3 26
49 4 54
49 5 52
49 6 92
49 7 63
49 8 14
49 9 58
49 10 39
49 11 39
49 12 22
49 13 39
49 14 31
49 15 92
49 16 80
49 17 51
49 18 54
49 19 16
49 20 67
49 21 85
49 22 36
49 23 72
49 24 69
49 25 75
49 26 51
49 27 89
49 28 99
49 29 59
49 30 96
49 31 29
49 32 96
49 33 52
49 34 34
49 35 90
49 36 42
49 37 43
49 38 72
49 39 79
49 40 32
49 41 10
49 42 36
49 43 27
49 44 44
49 45 11
49 46 44
49 47 8
49 48 7
49 50 100
49 51 19
49 52 5
49 53 66
49 54 51
49 55 17
49 56 94
49 57 27
49 58 47
49 59 86
49 60 85
49 61 49
49 62 86
49 63 27
49 64 6
49 65 68
49 66 60
49 67 63
49 68 38
49 69 63
49 70 44
49 71 24
49 72 15
49 73 94
49 74 60
49 75 74
49 76 19
49 77 90
49 78 33
49 79 1
49 80 53
49 81 46
49 82 59
49 83 2
49 84 27
49 85 65
49 86 17
49 87 58
49 88 37
49 89 50
49 90 54
49 91 36
49 92 24
49 93 2
49 94 62
49 95 29
49 96 21
49 97 56
49 98 47
49 99 24
50 0 68
50 1 50
50 2 13
50 3 69
50 4 19
50 5 70
50 6 8
50 7 21
50 8 31
50 9 4
50 10 34
50 11 88
50 12 9
50 13 4
50 14 2
50 15 67
50 16 45
50 17 33
50 18 90
50 19 30
50 20 4
50 21 24
50 22 43
50 23 69
50 24 34
50 25 45
50 26 87
50 27 87
50 28 13
50 29 85
50 30 86
50 31 70
50 32 91
50 33 41
50 34 72
50 35 85
50 36 90
50 37 13
50 38 3
50 39 47
50 40 73
50 41 42
50 42 77
50 43 91
50 44 18
50 45 85
50 46 40
50 47 45
50 48 30
50 49 9
50 51 99
50 52 62
50 53 28
50 54 52
50 55 6
50 56 48
50 57 37
50 58 67
50 59 83
50 60 30
50 61 70
50 62 75
50 63 42
50 64 95
50 65 25
50 66 21
50 67 21
50 68 18
50 69 51
50 70 89
50 71 76
50 72 20
50 73 77
50 74 1
50 75 90
50 76 1
50 77 77
50 78 92
50 79 40
50 80 68
50 81 11
50 82 46
50 83 76
50 84 43
50 85 6
50 86 39
50 87 32
50 88 15
50 89 50
50 90 81
50 91 22
50 92 96
50 93 69
50 94 93
50 95 28
50 96 18
50 97 5
50 98 4
50 99 100
51 0 5
51 1 41
51 2 24
51 3 11
51 4 67
51 5 70
51 6 41
51 7 53
51 8 57
51 9 5
51 10 21
51 11 18
51 12 45
51 13 50
51 14 46
51 15 38
51 16 38
51 17 21
51 18 99
51 19 2
51 20 81
51 21 80
51 22 76
51 23 93
51 24 83
51 25 4
51 26 97
51 27 90
51 28 41
51 29 16
51 30 31
51 31 10
51 32 52
51 33 74
51 34 93
51 35 3
51 36 99
51 37 73
51 38 90
51 39 30
51 40 12
51 41 74
51 42 27
51 43 70
51 44 100
51 45 98
51 46 65
51 47 39
51 48 27
51 49 79
51 50 86
51 52 66
51 53 48
51 54 1
51 55 7
51 56 14
51 57 66
51 58 66
51 59 1
51 60 45
51 61 58
51 62 12
51 63 69
51 64 75
51 65 66
51 66 8
51 67 65
51 68 79
51 69 46
51 70 61
51 71 87
51 72 43
51 73 62
51 74 58
51 75 44
51 76 51
51 77 1
51 78 63
51 79 39
51 80 97
51 81 70
51 82 75
51 83 4
51 84 51
51 85 89
51 86 11
51 87 3
51 88 69
51 89 11
51 90 88
51 91 84
51 92 97
51 93 47
51 94 73
51 95 39
51 96 34
51 97 96
51 98 97
51 99 92
52 0 62
52 1 79
52 2 6
52 3 48
52 4 24
52 5 82
52 6 67
52 7 20
52 8 46
52 9 1
52 10 65
52 11 62
52 12 6
52 13 41
52 14 59
52 15 2
52 16 14
52 17 1
52 18 5
52 19 43
52 20 44
52 21 62
52 22 88
52 23 92
52 24 30
52 25 34
52 26 39
52 27 41
52 28 6
52 29 55
52 30 30
52 31 68
52 32 58
52 33 95
52 34 17
52 35 100
52 36 1
52 37 71
52 38 67
52 39 100
52 40 8
52 41 38
52 42 19
52 43 92
52 44 89
52 45 3
52 46 26
52 47 69
52 48 69
52 49 14
52 50 51
52 51 98
52 53 71
52 54 89
52 55 3
52 56 79
52 57 100
52 58 4
52 59 89
52 60 94
52 61 30
52 62 36
52 63 25
52 64 17
52 65 96
52 66 54
52 67 67
52 68 14
52 69 26
52 70 88
52 71 76
52 72 68
52 73 49
52 74 84
52 75 6
52 76 52
52 77 71
52 78 88
52 79 65
52 80 17
52 81 61
52 82 96
52 83 47
52 84 92
52 85 51
52 86 93
52 87 23
52 88 7
52 89 30
52 90 84
52 91 28
52 92 100
52 93 46
52 94 92
52 95 89
52 96 32
52 97 40
52 98 100
52 99 87
53 0 81
53 1 85
53 2 70
53 3 84
53 4 42
53 5 43
53 6 63
53 7 38
53 8 37
53 9 29
53 10 25
53 11 50
53 12 86
53 13 89
53 14 29
53 15 91
53 16 13
53 17 76
53 18 45
53 19 96
53 20 59
53 21 77
53 22 73
53 23 2
53 24 58
53 25 28
53 26 32
53 27 40
53 28 87
53 29 56
53 30 3
53 31 78
53 32 91
53 33 64
53 34 87
53 35 72
53 36 21
53 37 59
53 38 97
53 39 51
53 40 43
53 41 54
53 42 64
53 43 11
53 44 64
53 45 11
53 46 45
53 47 35
53 48 65
53 49 65
53 50 28
53 51 12
53 52 81
53 54 80
53 55 17
53 56 8
53 57 20
53 58 55
53 59 12
53 60 83
53 61 20
53 62 32
53 63 66
53 64 100
53 65 90
53 66 87
53 67 66
53 68 55
53 69 92
53 70 24
53 71 74
53 72 77
53 73 76
53 74 4
53 75 53
53 76 44
53 77 25
53 78 10
53 79 66
53 80 59
53 81 37
53 82 85
53 83 34
53 84 71
53 85 96
53 86 7
53 87 8
53 88 95
53 89 85
53 90 6
53 91 17
53 92 32
53 93 39
53 94 7
53 95 16
53 96 65
53 97 53
53 98 31
53 99 17
54 0 61
54 1 26
54 2 35
54 3 47
54 4 35
54 5 52
54 6 86
54 7 85
54 8 31
54 9 50
54 10 98
54 11 60
54 12 69
54 13 55
54 14 71
54 15 70
54 16 49
54 17 7
54 18 34
54 19 97
54 20 55
54 21 65
54 22 87
54 23 72
54 24 55
54 25 3
54 26 100
54 27 1
54 28 77
54 29 17
54 30 4
54 31 80
54 32 62
54 33 35
54 34 73
54 35 36
54 36 55
54 37 59
54 38 74
54 39 59
54 40 74
54 41 75
54 42 27
54 43 39
54 44 100
54 45 14
54 46 24
54 47 71
54 48 65
54 49 80
54 50 88
54 51 72
54 52 7
54 53 47
54 55 11
54 56 6
54 57 47
54 58 26
54 59 8
54 60 73
54 61 81
54 62 93
54 63 76
54 64 74
54 65 76
54 66 87
54 67 76
54 68 25
54 69 48
54 70 34
54 71 33
54 72 17
54 73 71
54 74 5
54 75 88
54 76 64
54 77 99
54 78 14
54 79 42
54 80 67
54 81 88
54 82 43
54 83 67
54 84 21
54 85 41
54 86 81
54 87 84
54 88 27
54 89 52
54 90 75
54 91 68
54 92 28
54 93 60
54 94 95
54 95 90
54 96 19
54 97 27
54 98 18
54 99 92
55 0 77
55 1 53
55 2 42
55 3 4
55 4 20
55 5 13
55 6 8
55 7 9
55 8 41
55 9 92
55 10 1
55 11 13
55 12 55
55 13 91
55 14 44
55 15 59
55 16 51
55 17 90
55 18 39
55 19 79
55 20 24
55 21 74
55 22 95
55 23 96
55 24 92
55 25 12
55 26 80
55 27 62
55 28 96
55 29 74
55 30 39
55 31 1
55 32 4
55 33 57
55 34 88
55 35 70
55 36 42
55 37 47
55 38 8
55 39 24
55 40 30
55 41 98
55 42 71
55 43 48
55 44 14
55 45 77
55 46 41
55 47 99
55 48 51
55 49 38
55 50 67
55 51 7
55 52 19
55 53 26
55 54 66
55 56 26
55 57 54
55 58 71
55 59 56
55 60 17
55 61 23
55 62 82
55 63 96
55 64 90
55 65 42
55 66 17
55 67 76
55 68 77
55 69 91
55 70 5
55 71 12
55 72 21
55 73 6
55 74 26
55 75 36
55 76 61
55 77 83
55 78 19
55 79 22
55 80 57
55 81 45
55 82 40
55 83 100
55 84 59
55 85 65
55 86 88
55 87 58
55 88 1
55 89 67
55 90 49
55 91 83
55 92 56
55 93 11
55 94 38
55 95 61
55 96 74
55 97 29
55 98 93
55 99 91
56 0 67
56 1 52
56 2 13
56 3 45
56 4 95
56 5 54
56 6 49
56 7 94
56 8 96
56 9 69
56 10 13
56 11 58
56 12 96
56 13 78
56 14 50
56 15 18
56 16 77
56 17 29
56 18 64
56 19 16
56 20 52
56 21 28
56 22 42
56 23 67
56 24 23
56 25 9
56 26 40
56 27 22
56 28 92
56 29 62
56 30 8
56 31 7
56 32 55
56 33 51
56 34 19
56 35 99
56 36 66
56 37 67
56 38 64
56 39 48
56 40 39
56 41 75
56 42 46
56 43 99
56 44 68
56 45 53
56 46 32
56 47 21
56 48 77
56 49 90
56 50 26
56 51 20
56 52 87
56 53 27
56 54 3
56 55 35
56 57 86
56 58 51
56 59 4
56 60 13
56 61 64
56 62 12
56 63 69
56 64 45
56 65 71
56 66 6
56 67 29
56 68 65
56 69 5
56 70 8
56 71 50
56 72 11
56 73 45
56 74 85
56 75 33
56 76 86
56 77 55
56 78 5
56 79 20
56 80 94
56 81 38
56 82 21
56 83 94
56 84 9
56 85 37
56 86 67
56 87 52
56 88 23
56 89 2
56 90 64
56 91 57
56 92 84
56 93 66
56 94 54
56 95 24
56 96 74
56 97 69
56 98 72
56 99 84
57 0 80
57 1 25
57 2 69
57 3 19
57 4 10
57 5 48
57 6 71
57 7 25
57 8 53
57 9 41
57 10 4
57 11 52
57 12 83
57 13 96
57 14 75
57 15 62
57 16 53
57 17 52
57 18 2
57 19 9
57 20 30
57 21 42
57 22 53
57 23 31
57 24 21
57 25 69
57 26 2
57 27 49
57 28 70
57 29 81
57 30 53
57 31 23
57 32 31
57 33 59
57 34 36
57 35 32
57 36 53
57 37 46
57 38 45
57 39 41
57 40 69
57 41 42
57 42 27
57 43 99
57 44 82
57 45 92
57 46 85
57 47 48
57 48 100
57 49 82
57 50 39
57 51 93
57 52 6
57 53 100
57 54 98
57 55 29
57 56 72
57 58 97
57 59 96
57 60 17
57 61 72
57 62 75
57 63 52
57 64 11
57 65 50
57 66 15
57 67 72
57 68 65
57 69 5
57 70 5
57 71 32
57 72 74
57 73 28
57 74 85
57 75 88
57 76 42
57 77 7
57 78 37
57 79 83
57 80 91
57 81 72
57 82 15
57 83 85
57 84 58
57 85 7
57 86 95
57 87 90
57 88 78
57 89 96
57 90 28
57 91 39
57 92 99
57 93 56
57 94 76
57 95 77
57 96 6
57 97 60
57 98 35
57 99 13
58 0 69
58 1 30
58 2 92
58 3 81
58 4 30
58 5 92
58 6 14
58 7 18
58 8 53
58 9 20
58 10 11
58 11 76
58 12 7
58 13 60
58 14 88
58 15 65
58 16 11
58 17 69
58 18 17
58 19 28
58 20 73
58 21 33
58 22 27
58 23 92
58 24 33
58 25 63
58 26 2
58 27 73
58 28 5
58 29 1
58 30 38
58 31 83
58 32 53
58 33 92
58 34 100
58 35 97
58 36 73
58 37 95
58 38 64
58 39 24
58 40 69
58 41 68
58 42 79
58 43 92
58 44 53
58 45 17
58 46 11
58 47 57
58 48 26
58 49 10
58 50 38
58 51 71
58 52 19
58 53 86
58 54 98
58 55 69
58 56 71
58 57 48
58 59 70
58 60 79
58 61 84
58 62 82
58 63 52
58 64 68
58 65 23
58 66 4
58 67 62
58 68 44
58 69 34
58 70 3
58 71 49
58 72 12
58 73 50
58 74 22
58 75 81
58 76 83
58 77 29
58 78 4
58 79 60
58 80 99
58 81 35
58 82 18
58 83 46
58 84 75
58 85 99
58 86 11
58 87 92
58 88 90
58 89 78
58 90 18
58 91 90
58 92 53
58 93 16
58 94 36
58 95 48
58 96 57
58 97 47
58 98 65
58 99 65
59 0 96
59 1 40
59 2 14
59 3 92
59 4 91
59 5 95
59 6 30
59 7 1
59 8 4
59 9 13
59 10 9
59 11 78
59 12 88
59 13 3
59 14 52
59 15 28
59 16 48
59 17 30
59 18 15
59 19 19
59 20 52
59 21 41
59 22 43
59 23 88
59 24 20
59 25 39
59 26 33
59 27 60
59 28 92
59 29 95
59 30 63
59 31 46
59 32 43
59 33 25
59 34 91
59 35 33
59 36 11
59 37 48
59 38 27
59 39 56
59 40 41
59 41 10
59 42 21
59 43 97
59 44 75
59 45 46
59 46 68
59 47 12
59 48 18
59 49 71
59 50 42
59 51 82
59 52 55
59 53 52
59 54 21
59 55 63
59 56 34
59 57 27
59 58 68
59 60 79
59 61 3
59 62 1
59 63 27
59 64 92
59 65 19
59 66 58
59 67 80
59 68 59
59 69 14
59 70 68
59 71 10
59 72 54
59 73 79
59 74 25
59 75 13
59 76 69
59 77 6
59 78 64
59 79 50
59 80 73
59 81 48
59 82 37
59 83 87
59 84 10
59 85 86
59 86 90
59 87 77
59 88 98
59 89 35
59 90 93
59 91 59
59 92 20
59 93 71
59 94 94
59 95 79
59 96 5
59 97 54
59 98 41
59 99 42
60 0 9
60 1 1
60 2 97
60 3 68
60 4 25
60 5 67
60 6 86
60 7 12
60 8 74
60 9 33
60 10 37
60 11 16
60 12 7
60 13 91
60 14 34
60 15 95
60 16 73
60 17 9
60 18 79
60 19 68
60 20 68
60 21 11
60 22 95
60 23 17
60 24 68
60 25 40
60 26 25
60 27 69
60 28 40
60 29 41
60 30 81
60 31 61
60 32 100
60 33 54
60 34 84
60 35 82
60 36 81
60 37 98
60 38 2
60 39 21
60 40 91
60 41 13
60 42 37
60 43 57
60 44 89
60 45 66
60 46 71
60 47 69
60 48 92
60 49 93
60 50 2
60 51 9
60 52 19
60 53 75
60 54 97
60 55 94
60 56 12
60 57 95
60 58 37
60 59 86
60 61 30
60 62 66
60 63 88
60 64 43
60 65 26
60 66 84
60 67 12
60 68 10
60 69 70
60 70 3
60 71 41
60 72 31
60 73 68
60 74 99
60 75 92
60 76 41
60 77 80
60 78 38
60 79 38
60 80 57
60 81 92
60 82 1
60 83 46
60 84 33
60 85 34
60 86 63
60 87 59
60 88 5
60 89 5
60 90 7
60 91 31
60 92 74
60 93 14
60 94 75
60 95 47
60 96 45
60 97 97
60 98 20
60 99 49
61 0 81
61 1 86
61 2 9
61 3 74
61 4 15
61 5 12
61 6 68
61 7 22
61 8 87
61 9 81
61 10 71
61 11 83
61 12 74
61 13 41
61 14 6
61 15 76
61 16 58
61 17 1
61 18 40
61 19 86
61 20 58
61 21 30
61 22 10
61 23 37
61 24 17
61 25 1
61 26 98
61 27 49
61 28 46
61 29 89
61 30 76
61 31 94
61 32 64
61 33 26
61 34 2
61 35 70
61 36 2
61 37 45
61 38 26
61 39 48
61 40 28
61 41 38
61 42 4
61 43 90
61 44 69
61 45 25
61 46 92
61 47 57
61 48 48
61 49 66
61 50 86
61 51 68
61 52 83
61 53 90
61 54 53
61 55 53
61 56 53
61 57 46
61 58 97
61 59 44
61 60 17
61 62 9
61 63 6
61 64 9
61 65 85
61 66 90
61 67 98
61 68 81
61 69 46
61 70 99
61 71 84
61 72 10
61 73 40
61 74 16
61 75 9
61 76 49
61 77 68
61 78 83
61 79 10
61 80 25
61 81 61
61 82 39
61 83 37
61 84 22
61 85 30
61 86 20
61 87 53
61 88 78
61 89 74
61 90 51
61 91 44
61 92 82
61 93 4
61 94 71
61 95 43
61 96 47
61 97 7
61 98 92
61 99 39
62 0 93
62 1 89
62 2 83
62 3 94
62 4 22
62 5 8
62 6 97
62 7 83
62 8 81
62 9 9
62 10 68
62 11 68
62 12 63
62 13 43
62 14 68
62 15 58
62 16 71
62 17 65
62 18 23
62 19 24
62 20 46
62 21 55
62 22 44
62 23 34
62 24 69
62 25 75
62 26 92
62 27 59
62 28 78
62 29 69
62 30 43
62 31 85
62 32 10
62 33 54
62 34 32
62 35 44
62 36 89
62 37 66
62 38 31
62 39 15
62 40 64
62 41 96
62 42 72
62 43 11
62 44 57
62 45 34
62 46 15
62 47 57
62 48 71
62 49 23
62 50 21
62 51 59
62 52 19
62 53 24
62 54 86
62 55 19
62 56 23
62 57 20
62 58 31
62 59 66
62 60 21
62 61 4
62 63 39
62 64 60
62 65 94
62 66 91
62 67 39
62 68 36
62 69 85
62 70 98
62 71 83
62 72 42
62 73 36
62 74 37
62 75 54
62 76 48
62 77 41
62 78 39
62 79 65
62 80 53
62 81 9
62 82 58
62 83 43
62 84 95
62 85 92
62 86 72
62 87 31
62 88 31
62 89 21
62 90 66
62 91 62
62 92 7
62 93 21
62 94 81
62 95 17
62 96 80
62 97 69
62 98 61
62 99 24
63 0 100
63 1 25
63 2 62
63 3 97
63 4 61
63 5 49
63 6 39
63 7 20
63 8 94
63 9 85
63 10 92
63 11 61
63 12 39
63 13 31
63 14 61
63 15 62
63 16 76
63 17 54
63 18 97
63 19 1
63 20 45
63 21 34
63 22 54
63 23 37
63 24 35
63 25 60
63 26 47
63 27 66
63 28 96
63 29 20
63 30 47
63 31 10
63 32 42
63 33 87
63 34 1
63 35 88
63 36 78
63 37 70
63 38 56
63 39 83
63 40 65
63 41 44
63 42 70
63 43 84
63 44 70
63 45 23
63 46 85
63 47 94
63 48 33
63 49 83
63 50 30
63 51 58
63 52 100
63 53 4
63 54 74
63 55 98
63 56 27
63 57 23
63 58 37
63 59 39
63 60 33
63 61 21
63 62 74
63 64 57
63 65 21
63 66 3
63 67 12
63 68 77
63 69 11
63 70 24
63 71 39
63 72 47
63 73 100
63 74 64
63 75 24
63 76 21
63 77 11
63 78 80
63 79 51
63 80 82
63 81 79
63 82 21
63 83 38
63 84 79
63 85 48
63 86 14
63 87 94
63 88 90
63 89 6
63 90 33
63 91 72
63 92 49
63 93 27
63 94 74
63 95 32
63 96 46
63 97 83
63 98 49
63 99 98
64 0 71
64 1 6
64 2 11
64 3 36
64 4 13
64 5 46
64 6 38
64 7 38
64 8 9
64 9 49
64 10 65
64 11 54
64 12 38
64 13 76
64 14 16
64 15 38
64 16 100
64 17 85
64 18 69
64 19 43
64 20 39
64 21 77
64 22 38
64 23 50
64 24 100
64 25 58
64 26 49
64 27 85
64 28 81
64 29 51
64 30 25
64 31 34
64 32 30
64 33 78
64 34 65
64 35 97
64 36 6
64 37 96
64 38 75
64 39 72
64 40 76
64 41 55
64 42 97
64 43 63
64 44 37
64 45 54
64 46 13
64 47 92
64 48 47
64 49 88
64 50 25
64 51 49
64 52 82
64 53 37
64 54 71
64 55 9
64 56 14
64 57 27
64 58 19
64 59 77
64 60 34
64 61 77
64 62 58
64 63 97
64 65 81
64 66 19
64 67 4
64 68 79
64 69 64
64 70 65
64 71 72
64 72 4
64 73 44
64 74 52
64 75 73
64 76 83
64 77 17
64 78 100
64 79 79
64 80 24
64 81 14
64 82 89
64 83 22
64 84 79
64 85 46
64 86 31
64 87 20
64 88 91
64 89 52
64 90 66
64 91 94
64 92 19
64 93 74
64 94 84
64 95 37
64 96 15
64 97 55
64 98 35
64 99 21
65 0 7
65 1 26
65 2 54
65 3 67
65 4 37
65 5 25
65 6 67
65 7 79
65 8 18
65 9 24
65 10 16
65 11 37
65 12 3
65 13 10
65 14 66
65 15 45
65 16 43
65 17 8
65 18 60
65 19 11
65 20 63
65 21 91
65 22 47
65 23 33
65 24 71
65 25 25
65 26 66
65 27 91
65 28 81
65 29 58
65 30 3
65 31 42
65 32 58
65 33 24
65 34 66
65 35 88
65 36 10
65 37 92
65 38 53
65 39 41
65 40 75
65 41 29
65 42 10
65 43 16
65 44 34
65 45 3
65 46 55
65 47 71
65 48 31
65 49 41
65 50 21
65 51 10
65 52 73
65 53 93
65 54 55
65 55 18
65 56 35
65 57 77
65 58 50
65 59 9
65 60 74
65 61 82
65 62 19
65 63 34
65 64 22
65 66 5
65 67 88
65 68 76
65 69 57
65 70 59
65 71 54
65 72 85
65 73 97
65 74 76
65 75 47
65 76 19
65 77 24
65 78 21
65 79 47
65 80 41
65 81 72
65 82 77
65 83 14
65 84 64
65 85 24
65 86 66
65 87 84
65 88 43
65 89 73
65 90 51
65 91 61
65 92 74
65 93 1
65 94 89
65 95 87
65 96 77
65 97 87
65 98 45
65 99 52
66 0 28
66 1 72
66 2 53
66 3 60
66 4 9
66 5 91
66 6 13
66 7 38
66 8 61
66 9 1
66 10 15
66 11 28
66 12 90
66 13 5
66 14 62
66 15 62
66 16 46
66 17 76
66 18 33
66 19 99
66 20 97
66 21 69
66 22 72
66 23 89
66 24 89
66 25 100
66 26 96
66 27 40
66 28 77
66 29 40
66 30 62
66 31 39
66 32 56
66 33 7
66 34 82
66 35 19
66 36 26
66 37 94
66 38 93
66 39 14
66 40 80
66 41 72
66 42 55
66 43 64
66 44 48
66 45 27
66 46 41
66 47 83
66 48 48
66 49 70
66 50 1
66 51 55
66 52 71
66 53 42
66 54 30
66 55 83
66 56 7
66 57 93
66 58 10
66 59 98
66 60 84
66 61 59
66 62 51
66 63 8
66 64 99
66 65 48
66 67 48
66 68 63
66 69 52
66 70 95
66 71 64
66 72 28
66 73 91
66 74 40
66 75 61
66 76 25
66 77 3
66 78 34
66 79 33
66 80 39
66 81 34
66 82 7
66 83 4
66 84 50
66 85 39
66 86 44
66 87 88
66 88 2
66 89 31
66 90 10
66 91 87
66 92 22
66 93 43
66 94 55
66 95 29
66 96 46
66 97 6
66 98 64
66 99 17
67 0 1
67 1 18
67 2 15
67 3 5
67 4 46
67 5 14
67 6 68
67 7 25
67 8 89
67 9 69
67 10 73
67 11 88
67 12 79
67 13 6
67 14 62
67 15 86
67 16 60
67 17 39
67 18 84
67 19 69
67 20 48
67 21 67
67 22 79
67 23 84
67 24 28
67 25 27
67 26 92
67 27 67
67 28 64
67 29 38
67 30 28
67 31 19
67 32 21
67 33 63
67 34 74
67 35 38
67 36 43
67 37 51
67 38 64
67 39 38
67 40 69
67 41 86
67 42 48
67 43 95
67 44 34
67 45 36
67 46 63
67 47 19
67 48 39
67 49 42
67 50 23
67 51 61
67 52 73
67 53 43
67 54 85
67 55 13
67 56 77
67 57 62
67 58 100
67 59 30
67 60 70
67 61 89
67 62 12
67 63 2
67 64 23
67 65 50
67 66 86
67 68 8
67 69 38
67 70 16
67 71 64
67 72 39
67 73 4
67 74 93
67 75 14
67 76 97
67 77 34
67 78 21
67 79 3
67 80 1
67 81 48
67 82 78
67 83 41
67 84 41
67 85 31
67 86 30
67 87 27
67 88 68
67 89 92
67 90 59
67 91 51
67 92 14
67 93 56
67 94 30
67 95 58
67 96 20
67 97 3
67 98 97
67 99 64
68 0 43
68 1 74
68 2 55
68 3 26
68 4 18
68 5 34
68 6 24
68 7 7
68 8 12
68 9 60
68 10 27
68 11 41
68 12 74
68 13 60
68 14 11
68 15 11
68 16 100
68 17 7
68 18 55
68 19 43
68 20 98
68 21 88
68 22 68
68 23 18
68 24 42
68 25 20
68 26 23
68 27 23
68 28 51
68 29 62
68 30 37
68 31 85
68 32 88
68 33 50
68 34 94
68 35 53
68 36 37
68 37 39
68 38 62
68 39 81
68 40 34
68 41 25
68 42 51
68 43 21
68 44 51
68 45 47
68 46 45
68 47 67
68 48 4
68 49 97
68 50 29
68 51 56
68 52 9
68 53 85
68 54 93
68 55 25
68 56 64
68 57 88
68 58 17
68 59 25
68 60 93
68 61 71
68 62 41
68 63 26
68 64 66
68 65 67
68 66 16
68 67 87
68 69 64
68 70 44
68 71 100
68 72 72
68 73 1
68 74 59
68 75 10
68 76 73
68 77 64
68 78 79
68 79 89
68 80 18
68 81 69
68 82 91
68 83 45
68 84 59
68 85 82
68 86 37
68 87 45
68 88 95
68 89 45
68 90 15
68 91 60
68 92 73
68 93 97
68 94 67
68 95 64
68 96 16
68 97 58
68 98 8
68 99 63
69 0 71
69 1 99
69 2 30
69 3 38
69 4 80
69 5 84
69 6 98
69 7 55
69 8 67
69 9 6
69 10 89
69 11 46
69 12 61
69 13 48
69 14 94
69 15 54
69 16 69
69 17 55
69 18 37
69 19 24
69 20 60
69 21 48
69 22 11
69 23 15
69 24 47
69 25 73
69 26 62
69 27 86
69 28 23
69 29 37
69 30 62
69 31 7
69 32 2
69 33 62
69 34 60
69 35 98
69 36 54
69 37 61
69 38 26
69 39 2
69 40 80
69 41 85
69 42 67
69 43 53
69 44 38
69 45 75
69 46 98
69 47 91
69 48 67
69 49 77
69 50 10
69 51 28
69 52 9
69 53 32
69 54 64
69 55 10
69 56 51
69 57 85
69 58 24
69 59 39
69 60 37
69 61 11
69 62 35
69 63 86
69 64 22
69 65 40
69 66 9
69 67 99
69 68 67
69 70 69
69 71 77
69 72 45
69 73 98
69 74 11
69 75 80
69 76 74
69 77 37
69 78 87
69 79 92
69 80 52
69 81 83
69 82 75
69 83 97
69 84 14
69 85 10
69 86 57
69 87 74
69 88 46
69 89 6
69 90 81
69 91 77
69 92 95
69 93 14
69 94 19
69 95 62
69 96 51
69 97 58
69 98 78
69 99 74
70 0 12
70 1 4
70 2 1
70 3 79
70 4 44
70 5 49
70 6 32
70 7 73
70 8 48
70 9 3
70 10 87
70 11 88
70 12 24
70 13 20
70 14 46
70 15 41
70 16 86
70 17 30
70 18 37
70 19 41
70 20 13
70 21 13
70 22 75
70 23 92
70 24 18
70 25 83
70 26 90
70 27 7
70 28 53
70 29 72
70 30 45
70 31 83
70 32 74
70 33 88
70 34 49
70 35 90
70 36 82
70 37 19
70 38 96
70 39 26
70 40 29
70 41 65
70 42 42
70 43 38
70 44 38
70 45 33
70 46 51
70 47 97
70 48 71
70 49 64
70 50 92
70 51 24
70 52 66
70 53 5
70 54 36
70 55 48
70 56 10
70 57 31
70 58 16
70 59 32
70 60 91
70 61 28
70 62 12
70 63 15
70 64 8
70 65 42
70 66 65
70 67 48
70 68 90
70 69 65
70 71 51
70 72 11
70 73 52
70 74 95
70 75 28
70 76 72
70 77 91
70 78 51
70 79 32
70 80 34
70 81 38
70 82 25
70 83 68
70 84 60
70 85 6
70 86 94
70 87 9
70 88 36
70 89 91
70 90 1
70 91 1
70 92 97
70 93 95
70 94 35
70 95 2
70 96 48
70 97 57
70 98 28
70 99 50
71 0 76
71 1 76
71 2 18
71 3 46
71 4 26
71 5 57
71 6 20
71 7 48
71 8 6
71 9 40
71 10 18
71 11 1
71 12 17
71 13 81
71 14 18
71 15 7
71 16 52
71 17 27
71 18 87
71 19 79
71 20 73
71 21 48
71 22 68
71 23 5
71 24 7
71 25 77
71 26 66
71 27 61
71 28 48
71 29 39
71 30 51
71 31 32
71 32 75
71 33 32
71 34 32
71 35 78
71 36 51
71 37 98
71 38 83
71 39 69
71 40 59
71 41 93
71 42 84
71 43 73
71 44 58
71 45 30
71 46 47
71 47 75
71 48 49
71 49 52
71 50 46
71 51 70
71 52 60
71 53 2
71 54 85
71 55 89
71 56 97
71 57 21
71 58 1
71 59 62
71 60 32
71 61 5
71 62 65
71 63 51
71 64 60
71 65 90
71 66 84
71 67 41
71 68 12
71 69 94
71 70 22
71 72 82
71 73 56
71 74 57
71 75 47
71 76 46
71 77 85
71 78 71
71 79 68
71 80 50
71 81 70
71 82 42
71 83 54
71 84 56
71 85 73
71 86 16
71 87 52
71 88 39
71 89 96
71 90 99
71 91 74
71 92 96
71 93 69
71 94 52
71 95 57
71 96 37
71 97 90
71 98 34
71 99 64
72 0 54
72 1 84
72 2 14
72 3 66
72 4 54
72 5 15
72 6 46
72 7 8
72 8 58
72 9 59
72 10 34
72 11 79
72 12 25
72 13 39
72 14 77
72 15 66
72 16 92
72 17 92
72 18 53
72 19 39
72 20 10
72 21 81
72 22 9
72 23 86
72 24 61
72 25 29
72 26 86
72 27 85
72 28 54
72 29 95
72 30 26
72 31 23
72 32 64
72 33 26
72 34 49
72 35 2
72 36 8
72 37 83
72 38 37
72 39 56
72 40 55
72 41 66
72 42 96
72 43 9
72 44 11
72 45 30
72 46 27
72 47 60
72 48 63
72 49 44
72 50 24
72 51 15
72 52 77
72 53 72
72 54 18
72 55 20
72 56 78
72 57 96
72 58 1
72 59 99
72 60 16
72 61 81
72 62 83
72 63 11
72 64 70
72 65 69
72 66 5
72 67 15
72 68 32
72 69 23
72 70 19
72 71 98
72 73 44
72 74 61
72 75 14
72 76 26
72 77 89
72 78 96
72 79 44
72 80 36
72 81 90
72 82 77
72 83 28
72 84 70
72 85 76
72 86 33
72 87 27
72 88 19
72 89 92
72 90 42
72 91 9
72 92 74
72 93 26
72 94 53
72 95 100
72 96 9
72 97 18
72 98 26
72 99 38
73 0 34
73 1 25
73 2 98
73 3 32
73 4 65
73 5 98
73 6 76
73 7 28
73 8 86
73 9 67
73 10 24
73 11 37
73 12 96
73 13 93
73 14 47
73 15 5
73 16 16
73 17 91
73 18 91
73 19 91
73 20 44
73 21 30
73 22 5
73 23 65
73 24 36
73 25 35
73 26 55
73 27 91
73 28 36
73 29 80
73 30 53
73 31 41
73 32 88
73 33 3
73 34 35
73 35 76
73 36 71
73 37 96
73 38 91
73 39 80
73 40 33
73 41 62
73 42 3
73 43 17
73 44 55
73 45 73
73 46 33
73 47 64
73 48 39
73 49 56
73 50 100
73 51 20
73 52 40
73 53 6
73 54 32
73 55 4
73 56 35
73 57 81
73 58 35
73 59 80
73 60 73
73 61 24
73 62 61
73 63 48
73 64 50
73 65 45
73 66 91
73 67 76
73 68 47
73 69 96
73 70 23
73 71 95
73 72 52
73 74 98
73 75 22
73 76 48
73 77 80
73 78 33
73 79 84
73 80 92
73 81 94
73 82 19
73 83 85
73 84 68
73 85 64
73 86 99
73 87 49
73 88 43
73 89 55
73 90 63
73 91 17
73 92 45
73 93 94
73 94 18
73 95 36
73 96 52
73 97 18
73 98 49
73 99 18
74 0 40
74 1 63
74 2 3
74 3 55
74 4 51
74 5 92
74 6 62
74 7 78
74 8 60
74 9 7
74 10 8
74 11 51
74 12 56
74 13 54
74 14 14
74 15 72
74 16 84
74 17 78
74 18 53
74 19 45
74 20 66
74 21 49
74 22 38
74 23 82
74 24 63
74 25 20
74 26 78
74 27 18
74 28 42
74 29 53
74 30 78
74 31 31
74 32 53
74 33 78
74 34 74
74 35 5
74 36 26
74 37 91
74 38 7
74 39 81
74 40 61
74 41 69
74 42 51
74 43 70
74 44 11
74 45 2
74 46 95
74 47 54
74 48 59
74 49 71
74 50 59
74 51 100
74 52 97
74 53 44
74 54 46
74 55 5
74 56 48
74 57 35
74 58 97
74 59 41
74 60 57
74 61 77
74 62 98
74 63 89
74 64 94
74 65 51
74 66 11
74 67 32
74 68 72
74 69 70
74 70 10
74 71 52
74 72 68
74 73 43
74 75 100
74 76 66
74 77 77
74 78 57
74 79 67
74 80 66
74 81 4
74 82 54
74 83 59
74 84 4
74 85 73
74 86 1
74 87 50
74 88 6
74 89 97
74 90 23
74 91 63
74 92 41
74 93 75
74 94 50
74 95 12
74 96 30
74 97 50
74 98 35
74 99 81
75 0 1
75 1 93
75 2 29
75 3 81
75 4 68
75 5 100
75 6 86
75 7 21
75 8 70
75 9 48
75 10 74
75 11 72
75 12 66
75 13 97
75 14 80
75 15 18
75 16 29
75 17 25
75 18 80
75 19 5
75 20 2
75 21 60
75 22 98
75 23 92
75 24 40
75 25 4
75 26 12
75 27 20
75 28 89
75 29 27
75 30 33
75 31 50
75 32 97
75 33 76
75 34 27
75 35 61
75 36 37
75 37 67
75 38 23
75 39 34
75 40 52
75 41 62
75 42 72
75 43 92
75 44 18
75 45 32
75 46 20
75 47 13
75 48 94
75 49 49
75 50 80
75 51 83
75 52 99
75 53 70
75 54 98
75 55 4
75 56 53
75 57 6
75 58 31
75 59 60
75 60 68
75 61 46
75 62 15
75 63 100
75 64 24
75 65 82
75 66 13
75 67 42
75 68 46
75 69 57
75 70 88
75 71 43
75 72 92
75 73 1
75 74 15
75 76 68
75 77 22
75 78 21
75 79 35
75 80 50
75 81 100
75 82 9
75 83 52
75 84 34
75 85 42
75 86 11
75 87 75
75 88 8
75 89 79
75 90 27
75 91 26
75 92 26
75 93 55
75 94 99
75 95 41
75 96 9
75 97 94
75 98 89
75 99 14
76 0 27
76 1 93
76 2 45
76 3 90
76 4 32
76 5 30
76 6 88
76 7 29
76 8 61
76 9 39
76 10 86
76 11 19
76 12 6
76 13 81
76 14 98
76 15 28
76 16 44
76 17 84
76 18 48
76 19 60
76 20 47
76 21 92
76 22 100
76 23 54
76 24 28
76 25 55
76 26 8
76 27 98
76 28 39
76 29 9
76 30 13
76 31 91
76 32 79
76 33 18
76 34 48
76 35 96
76 36 55
76 37 81
76 38 89
76 39 38
76 40 72
76 41 95
76 42 19
76 43 97
76 44 24
76 45 69
76 46 98
76 47 66
76 48 83
76 49 98
76 50 81
76 51 26
76 52 5
76 53 80
76 54 14
76 55 27
76 56 88
76 57 30
76 58 35
76 59 93
76 60 18
76 61 76
76 62 86
76 63 19
76 64 83
76 65 40
76 66 5
76 67 79
76 68 48
76 69 89
76 70 51
76 71 4
76 72 78
76 73 96
76 74 66
76 75 96
76 77 28
76 78 40
76 79 60
76 80 88
76 81 3
76 82 7
76 83 93
76 84 27
76 85 89
76 86 68
76 87 77
76 88 100
76 89 19
76 90 17
76 91 73
76 92 86
76 93 31
76 94 65
76 95 50
76 96 52
76 97 68
76 98 70
76 99 52
77 0 56
77 1 9
77 2 75
77 3 47
77 4 93
77 5 80
77 6 53
77 7 98
77 8 94
77 9 43
77 10 48
77 11 97
77 12 43
77 13 51
77 14 91
77 15 37
77 16 14
77 17 4
77 18 42
77 19 1
77 20 37
77 21 51
77 22 30
77 23 88
77 24 19
77 25 53
77 26 6
77 27 7
77 28 77
77 29 51
77 30 97
77 31 97
77 32 51
77 33 17
77 34 47
77 35 84
77 36 78
77 37 32
77 38 28
77 39 95
77 40 71
77 41 100
77 42 82
77 43 32
77 44 60
77 45 70
77 46 99
77 47 91
77 48 12
77 49 8
77 50 47
77 51 5
77 52 85
77 53 60
77 54 76
77 55 15
77 56 2
77 57 91
77 58 57
77 59 90
77 60 53
77 61 80
77 62 51
77 63 96
77 64 62
77 65 34
77 66 28
77 67 12
77 68 98
77 69 62
77 70 25
77 71 60
77 72 58
77 73 13
77 74 56
77 75 85
77 76 55
77 78 19
77 79 60
77 80 89
77 81 90
77 82 67
77 83 92
77 84 90
77 85 78
77 86 12
77 87 83
77 88 15
77 89 58
77 90 98
77 91 21
77 92 49
77 93 42
77 94 46
77 95 60
77 96 40
77 97 32
77 98 16
77 99 66
78 0 14
78 1 61
78 2 62
78 3 100
78 4 15
78 5 2
78 6 5
78 7 80
78 8 73
78 9 69
78 10 8
78 11 98
78 12 32
78 13 60
78 14 97
78 15 33
78 16 72
78 17 30
78 18 29
78 19 89
78 20 27
78 21 34
78 22 53
78 23 91
78 24 72
78 25 28
78 26 100
78 27 57
78 28 76
78 29 20
78 30 82
78 31 41
78 32 85
78 33 80
78 34 64
78 35 48
78 36 53
78 37 71
78 38 90
78 39 86
78 40 32
78 41 76
78 42 39
78 43 7
78 44 37
78 45 54
78 46 49
78 47 61
78 48 90
78 49 11
78 50 74
78 51 80
78 52 23
78 53 75
78 54 22
78 55 93
78 56 51
78 57 80
78 58 78
78 59 46
78 60 84
78 61 35
78 62 86
78 63 29
78 64 27
78 65 35
78 66 31
78 67 56
78 68 17
78 69 99
78 70 67
78 71 89
78 72 37
78 73 25
78 74 5
78 75 10
78 76 8
78 77 39
78 79 67
78 80 81
78 81 29
78 82 93
78 83 34
78 84 46
78 85 45
78 86 21
78 87 36
78 88 10
78 89 67
78 90 69
78 91 67
78 92 81
78 93 42
78 94 12
78 95 90
78 96 2
78 97 15
78 98 75
78 99 17
79 0 18
79 1 51
79 2 33
79 3 57
79 4 77
79 5 71
79 6 65
79 7 99
79 8 79
79 9 34
79 10 35
79 11 31
79 12 25
79 13 99
79 14 58
79 15 16
79 16 9
79 17 82
79 18 51
79 19 69
79 20 97
79 21 39
79 22 46
79 23 84
79 24 36
79 25 13
79 26 87
79 27 81
79 28 88
79 29 54
79 30 62
79 31 49
79 32 86
79 33 11
79 34 74
79 35 94
79 36 34
79 37 19
79 38 91
79 39 52
79 40 60
79 41 42
79 42 59
79 43 87
79 44 5
79 45 43
79 46 3
79 47 72
79 48 42
79 49 6
79 50 34
79 51 67
79 52 5
79 53 34
79 54 38
79 55 24
79 56 7
79 57 79
79 58 37
79 59 17
79 60 99
79 61 76
79 62 23
79 63 72
79 64 23
79 65 45
79 66 88
79 67 48
79 68 98
79 69 98
79 70 58
79 71 16
79 72 98
79 73 90
79 74 71
79 75 81
79 76 21
79 77 61
79 78 65
79 80 55
79 81 18
79 82 61
79 83 32
79 84 78
79 85 81
79 86 49
79 87 6
79 88 96
79 89 79
79 90 57
79 91 69
79 92 38
79 93 27
79 94 42
79 95 63
79 96 44
79 97 94
79 98 4
79 99 21
80 0 49
80 1 99
80 2 23
80 3 60
80 4 77
80 5 100
80 6 10
80 7 68
80 8 57
80 9 93
80 10 59
80 11 62
80 12 15
80 13 13
80 14 95
80 15 99
80 16 82
80 17 17
80 18 16
80 19 65
80 20 91
80 21 61
80 22 59
80 23 6
80 24 12
80 25 39
80 26 91
80 27 24
80 28 13
80 29 32
80 30 94
80 31 88
80 32 44
80 33 22
80 34 1
80 35 83
80 36 67
80 37 80
80 38 32
80 39 31
80 40 55
80 41 39
80 42 3
80 43 19
80 44 92
80 45 15
80 46 1
80 47 41
80 48 41
80 49 43
80 50 32
80 51 52
80 52 56
80 53 11
80 54 56
80 55 75
80 56 96
80 57 81
80 58 5
80 59 60
80 60 83
80 61 49
80 62 90
80 63 52
80 64 41
80 65 26
80 66 21
80 67 28
80 68 28
80 69 34
80 70 84
80 71 25
80 72 33
80 73 53
80 74 89
80 75 96
80 76 79
80 77 35
80 78 69
80 79 63
80 81 70
80 82 14
80 83 74
80 84 71
80 85 6
80 86 39
80 87 87
80 88 51
80 89 36
80 90 46
80 91 10
80 92 40
80 93 32
80 94 41
80 95 94
80 96 74
80 97 95
80 98 45
80 99 65
81 0 67
81 1 10
81 2 1
81 3 90
81 4 20
81 5 56
81 6 88
81 7 6
81 8 51
81 9 35
81 10 91
81 11 100
81 12 32
81 13 57
81 14 91
81 15 25
81 16 76
81 17 70
81 18 78
81 19 62
81 20 52
81 21 88
81 22 65
81 23 7
81 24 56
81 25 47
81 26 78
81 27 93
81 28 9
81 29 36
81 30 38
81 31 19
81 32 54
81 33 14
81 34 32
81 35 50
81 36 97
81 37 86
81 38 13
81 39 41
81 40 40
81 41 67
81 42 96
81 43 22
81 44 83
81 45 20
81 46 30
81 47 77
81 48 56
81 49 65
81 50 54
81 51 31
81 52 8
81 53 86
81 54 30
81 55 19
81 56 57
81 57 74
81 58 17
81 59 84
81 60 45
81 61 8
81 62 17
81 63 91
81 64 22
81 65 83
81 66 74
81 67 3
81 68 63
81 69 97
81 70 32
81 71 79
81 72 87
81 73 43
81 74 83
81 75 71
81 76 8
81 77 22
81 78 71
81 79 42
81 80 9
81 82 53
81 83 97
81 84 56
81 85 46
81 86 6
81 87 98
81 88 38
81 89 13
81 90 89
81 91 21
81 92 73
81 93 31
81 94 60
81 95 44
81 96 77
81 97 59
81 98 27
81 99 18
82 0 45
82 1 15
82 2 85
82 3 28
82 4 60
82 5 82
82 6 21
82 7 10
82 8 100
82 9 31
82 10 84
82 11 55
82 12 69
82 13 43
82 14 6
82 15 4
82 16 35
82 17 42
82 18 68
82 19 65
82 20 72
82 21 76
82 22 47
82 23 93
82 24 24
82 25 48
82 26 51
82 27 75
82 28 26
82 29 94
82 30 28
82 31 11
82 32 14
82 33 83
82 34 40
82 35 5
82 36 86
82 37 67
82 38 76
82 39 87
82 40 6
82 41 50
82 42 28
82 43 1
82 44 10
82 45 53
82 46 54
82 47 93
82 48 23
82 49 59
82 50 37
82 51 20
82 52 34
82 53 62
82 54 10
82 55 98
82 56 59
82 57 52
82 58 18
82 59 46
82 60 56
82 61 81
82 62 87
82 63 37
82 64 4
82 65 56
82 66 74
82 67 31
82 68 24
82 69 87
82 70 85
82 71 93
82 72 82
82 73 64
82 74 78
82 75 46
82 76 36
82 77 1
82 78 45
82 79 16
82 80 35
82 81 86
82 83 100
82 84 79
82 85 81
82 86 46
82 87 57
82 88 87
82 89 42
82 90 77
82 91 35
82 92 49
82 93 2
82 94 52
82 95 14
82 96 76
82 97 92
82 98 71
82 99 87
83 0 23
83 1 17
83 2 47
83 3 72
83 4 59
83 5 14
83 6 60
83 7 4
83 8 95
83 9 37
83 10 50
83 11 72
83 12 19
83 13 3
83 14 18
83 15 31
83 16 43
83 17 40
83 18 74
83 19 33
83 20 72
83 21 83
83 22 83
83 23 36
83 24 75
83 25 77
83 26 91
83 27 53
83 28 44
83 29 22
83 30 52
83 31 21
83 32 40
83 33 68
83 34 20
83 35 79
83 36 25
83 37 40
83 38 58
83 39 97
83 40 43
83 41 14
83 42 78
83 43 100
83 44 42
83 45 84
83 46 82
83 47 74
83 48 49
83 49 24
83 50 42
83 51 43
83 52 31
83 53 60
83 54 75
83 55 92
83 56 31
83 57 66
83 58 42
83 59 28
83 60 10
83 61 15
83 62 58
83 63 7
83 64 52
83 65 4
83 66 17
83 67 40
83 68 55
83 69 40
83 70 58
83 71 21
83 72 59
83 73 4
83 74 10
83 75 93
83 76 83
83 77 83
83 78 11
83 79 17
83 80 51
83 81 51
83 82 86
83 84 8
83 85 44
83 86 57
83 87 32
83 88 46
83 89 76
83 90 22
83 91 85
83 92 32
83 93 8
83 94 52
83 95 62
83 96 7
83 97 27
83 98 65
83 99 11
84 0 86
84 1 75
84 2 35
84 3 89
84 4 98
84 5 83
84 6 47
84 7 50
84 8 30
84 9 82
84 10 84
84 11 2
84 12 39
84 13 61
84 14 95
84 15 45
84 16 86
84 17 54
84 18 51
84 19 78
84 20 6
84 21 47
84 22 61
84 23 57
84 24 79
84 25 10
84 26 69
84 27 20
84 28 46
84 29 41
84 30 82
84 31 45
84 32 79
84 33 53
84 34 62
84 35 8
84 36 92
84 37 44
84 38 5
84 39 33
84 40 43
84 41 49
84 42 100
84 43 69
84 44 41
84 45 55
84 46 22
84 47 88
84 48 65
84 49 19
84 50 2
84 51 94
84 52 13
84 53 53
84 54 86
84 55 91
84 56 83
84 57 98
84 58 84
84 59 81
84 60 86
84 61 71
84 62 16
84 63 89
84 64 84
84 65 63
84 66 39
84 67 11
84 68 100
84 69 70
84 70 30
84 71 91
84 72 9
84 73 55
84 74 36
84 75 46
84 76 65
84 77 17
84 78 27
84 79 3
84 80 71
84 81 100
84 82 37
84 83 68
84 85 86
84 86 36
84 87 20
84 88 67
84 89 94
84 90 58
84 91 15
84 92 10
84 93 31
84 94 30
84 95 51
84 96 20
84 97 79
84 98 78
84 99 48
85 0 92
85 1 31
85 2 2
85 3 5
85 4 54
85 5 47
85 6 81
85 7 7
85 8 38
85 9 34
85 10 72
85 11 67
85 12 64
85 13 78
85 14 83
85 15 96
85 16 9
85 17 73
85 18 74
85 19 5
85 20 15
85 21 52
85 22 62
85 23 10
85 24 75
85 25 55
85 26 52
85 27 71
85 28 100
85 29 15
85 30 56
85 31 92
85 32 4
85 33 2
85 34 94
85 35 70
85 36 58
85 37 3
85 38 35
85 39 59
85 40 21
85 41 17
85 42 57
85 43 78
85 44 37
85 45 67
85 46 45
85 47 55
85 48 58
85 49 90
85 50 55
85 51 21
85 52 74
85 53 52
85 54 34
85 55 70
85 56 59
85 57 69
85 58 91
85 59 5
85 60 79
85 61 39
85 62 52
85 63 28
85 64 64
85 65 25
85 66 81
85 67 4
85 68 53
85 69 17
85 70 68
85 71 66
85 72 56
85 73 99
85 74 100
85 75 93
85 76 26
85 77 2
85 78 20
85 79 80
85 80 73
85 81 27
85 82 65
85 83 16
85 84 92
85 86 13
85 87 73
85 88 81
85 89 59
85 90 92
85 91 100
85 92 97
85 93 30
85 94 20
85 95 10
85 96 86
85 97 65
85 98 48
85 99 28
86 0 37
86 1 80
86 2 22
86 3 31
86 4 94
86 5 2
86 6 7
86 7 98
86 8 1
86 9 76
86 10 39
86 11 30
86 12 2
86 13 71
86 14 31
86 15 99
86 16 66
86 17 46
86 18 57
86 19 58
86 20 15
86 21 98
86 22 29
86 23 6
86 24 34
86 25 17
86 26 99
86 27 49
86 28 47
86 29 25
86 30 99
86 31 71
86 32 42
86 33 19
86 34 17
86 35 31
86 36 33
86 37 19
86 38 29
86 39 53
86 40 27
86 41 36
86 42 72
86 43 88
86 44 51
86 45 58
86 46 100
86 47 32
86 48 13
86 49 65
86 50 68
86 51 23
86 52 57
86 53 69
86 54 13
86 55 60
86 56 78
86 57 47
86 58 26
86 59 67
86 60 23
86 61 3
86 62 70
86 63 10
86 64 5
86 65 23
86 66 49
86 67 65
86 68 38
86 69 96
86 70 60
86 71 11
86 72 21
86 73 26
86 74 73
86 75 23
86 76 19
86 77 79
86 78 88
86 79 63
86 80 99
86 81 5
86 82 79
86 83 50
86 84 44
86 85 36
86 87 21
86 88 34
86 89 28
86 90 50
86 91 56
86 92 84
86 93 1
86 94 20
86 95 100
86 96 1
86 97 45
86 98 75
86 99 69
87 0 76
87 1 90
87 2 32
87 3 67
87 4 61
87 5 35
87 6 50
87 7 37
87 8 93
87 9 34
87 10 79
87 11 66
87 12 62
87 13 53
87 14 34
87 15 58
87 16 6
87 17 61
87 18 34
87 19 85
87 20 22
87 21 11
87 22 49
87 23 62
87 24 58
87 25 100
87 26 38
87 27 40
87 28 39
87 29 43
87 30 2
87 31 8
87 32 93
87 33 93
87 34 9
87 35 100
87 36 33
87 37 90
87 38 25
87 39 69
87 40 38
87 41 53
87 42 18
87 43 61
87 44 42
87 45 25
87 46 3
87 47 30
87 48 34
87 49 86
87 50 37
87 51 49
87 52 89
87 53 97
87 54 7
87 55 51
87 56 82
87 57 93
87 58 18
87 59 2
87 60 51
87 61 65
87 62 75
87 63 59
87 64 97
87 65 86
87 66 80
87 67 80
87 68 40
87 69 88
87 70 92
87 71 47
87 72 67
87 73 92
87 74 59
87 75 78
87 76 94
87 77 54
87 78 19
87 79 10
87 80 23
87 81 98
87 82 75
87 83 28
87 84 12
87 85 62
87 86 91
87 88 57
87 89 98
87 90 66
87 91 88
87 92 22
87 93 74
87 94 38
87 95 40
87 96 74
87 97 50
87 98 88
87 99 37
88 0 42
88 1 22
88 2 54
88 3 54
88 4 28
88 5 50
88 6 58
88 7 85
88 8 14
88 9 51
88 10 33
88 11 28
88 12 34
88 13 34
88 14 43
88 15 90
88 16 34
88 17 91
88 18 16
88 19 33
88 20 79
88 21 45
88 22 46
88 23 35
88 24 23
88 25 95
88 26 87
88 27 38
88 28 42
88 29 51
88 30 50
88 31 18
88 32 92
88 33 97
88 34 25
88 35 18
88 36 88
88 37 19
88 38 19
88 39 36
88 40 64
88 41 76
88 42 44
88 43 72
88 44 78
88 45 13
88 46 90
88 47 29
88 48 13
88 49 87
88 50 25
88 51 88
88 52 32
88 53 99
88 54 96
88 55 54
88 56 94
88 57 1
88 58 28
88 59 30
88 60 38
88 61 31
88 62 2
88 63 94
88 64 11
88 65 47
88 66 37
88 67 31
88 68 30
88 69 88
88 70 20
88 71 82
88 72 80
88 73 25
88 74 97
88 75 49
88 76 76
88 77 34
88 78 62
88 79 51
88 80 65
88 81 4
88 82 1
88 83 66
88 84 81
88 85 93
88 86 9
88 87 69
88 89 46
88 90 36
88 91 84
88 92 14
88 93 40
88 94 41
88 95 3
88 96 7
88 97 62
88 98 57
88 99 61
89 0 50
89 1 11
89 2 78
89 3 64
89 4 18
89 5 67
89 6 97
89 7 64
89 8 89
89 9 53
89 10 86
89 11 60
89 12 70
89 13 92
89 14 34
89 15 14
89 16 52
89 17 66
89 18 23
89 19 10
89 20 85
89 21 8
89 22 20
89 23 26
89 24 22
89 25 12
89 26 56
89 27 97
89 28 43
89 29 15
89 30 85
89 31 15
89 32 30
89 33 27
89 34 12
89 35 11
89 36 73
89 37 96
89 38 61
89 39 16
89 40 67
89 41 38
89 42 24
89 43 44
89 44 23
89 45 40
89 46 54
89 47 86
89 48 93
89 49 42
89 50 13
89 51 32
89 52 69
89 53 100
89 54 7
89 55 44
89 56 21
89 57 73
89 58 69
89 59 62
89 60 95
89 61 34
89 62 81
89 63 28
89 64 77
89 65 100
89 66 17
89 67 79
89 68 32
89 69 5
89 70 5
89 71 84
89 72 50
89 73 57
89 74 5
89 75 31
89 76 80
89 77 66
89 78 19
89 79 40
89 80 25
89 81 8
89 82 52
89 83 92
89 84 36
89 85 21
89 86 53
89 87 31
89 88 51
89 90 54
89 91 45
89 92 85
89 93 71
89 94 32
89 95 8
89 96 8
89 97 45
89 98 15
89 99 68
90 0 58
90 1 61
90 2 37
90 3 7
90 4 66
90 5 52
90 6 77
90 7 77
90 8 72
90 9 54
90 10 7
90 11 98
90 12 87
90 13 60
90 14 34
90 15 66
90 16 32
90 17 33
90 18 62
90 19 26
90 20 32
90 21 42
90 22 11
90 23 34
90 24 80
90 25 3
90 26 89
90 27 16
90 28 27
90 29 36
90 30 99
90 31 88
90 32 99
90 33 59
90 34 80
90 35 11
90 36 100
90 37 84
90 38 26
90 39 17
90 40 69
90 41 96
90 42 79
90 43 95
90 44 6
90 45 32
90 46 47
90 47 80
90 48 83
90 49 10
90 50 17
90 51 1
90 52 87
90 53 43
90 54 86
90 55 77
90 56 59
90 57 38
90 58 1
90 59 78
90 60 2
90 61 22
90 62 11
90 63 51
90 64 95
90 65 45
90 66 58
90 67 4
90 68 51
90 69 3
90 70 78
90 71 98
90 72 21
90 73 61
90 74 13
90 75 79
90 76 48
90 77 10
90 78 17
90 79 41
90 80 63
90 81 68
90 82 13
90 83 46
90 84 19
90 85 9
90 86 21
90 87 32
90 88 42
90 89 55
90 91 59
90 92 60
90 93 9
90 94 53
90 95 68
90 96 78
90 97 12
90 98 32
90 99 56
91 0 7
91 1 45
91 2 19
91 3 57
91 4 63
91 5 61
91 6 75
91 7 87
91 8 48
91 9 30
91 10 91
91 11 68
91 12 27
91 13 70
91 14 60
91 15 74
91 16 39
91 17 91
91 18 69
91 19 74
91 20 26
91 21 10
91 22 35
91 23 99
91 24 3
91 25 82
91 26 100
91 27 91
91 28 54
91 29 60
91 30 64
91 31 25
91 32 59
91 33 80
91 34 95
91 35 68
91 36 57
91 37 67
91 38 16
91 39 32
91 40 59
91 41 48
91 42 41
91 43 71
91 44 37
91 45 12
91 46 58
91 47 22
91 48 59
91 49 84
91 50 25
91 51 63
91 52 14
91 53 9
91 54 48
91 55 72
91 56 43
91 57 48
91 58 34
91 59 33
91 60 80
91 61 59
91 62 60
91 63 5
91 64 47
91 65 72
91 66 82
91 67 37
91 68 53
91 69 50
91 70 16
91 71 50
91 72 24
91 73 80
91 74 59
91 75 36
91 76 51
91 77 64
91 78 79
91 79 79
91 80 27
91 81 52
91 82 73
91 83 30
91 84 9
91 85 14
91 86 59
91 87 61
91 88 78
91 89 76
91 90 28
91 92 71
91 93 7
91 94 31
91 95 70
91 96 58
91 97 50
91 98 60
91 99 35
92 0 16
92 1 52
92 2 31
92 3 45
92 4 35
92 5 65
92 6 55
92 7 89
92 8 4
92 9 65
92 10 82
92 11 78
92 12 97
92 13 14
92 14 22
92 15 95
92 16 32
92 17 42
92 18 57
92 19 43
92 20 90
92 21 18
92 22 88
92 23 17
92 24 81
92 25 78
92 26 86
92 27 19
92 28 95
92 29 63
92 30 6
92 31 35
92 32 47
92 33 38
92 34 82
92 35 55
92 36 38
92 37 14
92 38 87
92 39 74
92 40 26
92 41 88
92 42 98
92 43 25
92 44 59
92 45 27
92 46 50
92 47 82
92 48 53
92 49 48
92 50 55
92 51 35
92 52 31
92 53 50
92 54 65
92 55 47
92 56 92
92 57 89
92 58 80
92 59 19
92 60 94
92 61 40
92 62 51
92 63 1
92 64 89
92 65 13
92 66 93
92 67 44
92 68 29
92 69 70
92 70 58
92 71 54
92 72 84
92 73 92
92 74 89
92 75 19
92 76 84
92 77 41
92 78 88
92 79 68
92 80 14
92 81 41
92 82 54
92 83 20
92 84 33
92 85 56
92 86 22
92 87 44
92 88 52
92 89 32
92 90 79
92 91 43
92 93 14
92 94 69
92 95 81
92 96 98
92 97 31
92 98 100
92 99 19
93 0 94
93 1 64
93 2 56
93 3 60
93 4 89
93 5 46
93 6 35
93 7 84
93 8 93
93 9 3
93 10 77
93 11 98
93 12 1
93 13 66
93 14 31
93 15 46
93 16 64
93 17 49
93 18 42
93 19 73
93 20 5
93 21 41
93 22 44
93 23 26
93 24 13
93 25 98
93 26 85
93 27 9
93 28 96
93 29 70
93 30 27
93 31 14
93 32 23
93 33 17
93 34 48
93 35 35
93 36 74
93 37 63
93 38 67
93 39 49
93 40 96
93 41 49
93 42 3
93 43 47
93 44 51
93 45 8
93 46 64
93 47 12
93 48 7
93 49 11
93 50 77
93 51 23
93 52 30
93 53 74
93 54 84
93 55 58
93 56 95
93 57 65
93 58 41
93 59 9
93 60 2
93 61 96
93 62 74
93 63 68
93 64 89
93 65 59
93 66 3
93 67 64
93 68 49
93 69 41
93 70 39
93 71 23
93 72 15
93 73 47
93 74 92
93 75 62
93 76 41
93 77 14
93 78 70
93 79 55
93 80 66
93 81 71
93 82 77
93 83 25
93 84 74
93 85 69
93 86 80
93 87 74
93 88 36
93 89 5
93 90 65
93 91 15
93 92 77
93 94 57
93 95 84
93 96 30
93 97 91
93 98 42
93 99 74
94 0 74
94 1 87
94 2 95
94 3 9
94 4 46
94 5 16
94 6 16
94 7 66
94 8 50
94 9 31
94 10 37
94 11 86
94 12 84
94 13 69
94 14 79
94 15 10
94 16 80
94 17 29
94 18 21
94 19 21
94 20 71
94 21 90
94 22 85
94 23 76
94 24 25
94 25 89
94 26 72
94 27 88
94 28 25
94 29 44
94 30 31
94 31 96
94 32 27
94 33 45
94 34 100
94 35 27
94 36 79
94 37 42
94 38 80
94 39 19
94 40 74
94 41 75
94 42 86
94 43 85
94 44 45
94 45 100
94 46 100
94 47 67
94 48 18
94 49 66
94 50 3
94 51 71
94 52 51
94 53 63
94 54 37
94 55 29
94 56 64
94 57 1
94 58 83
94 59 55
94 60 66
94 61 17
94 62 11
94 63 98
94 64 91
94 65 39
94 66 51
94 67 27
94 68 19
94 69 70
94 70 79
94 71 68
94 72 68
94 73 80
94 74 48
94 75 88
94 76 82
94 77 55
94 78 4
94 79 10
94 80 13
94 81 38
94 82 81
94 83 21
94 84 47
94 85 57
94 86 61
94 87 17
94 88 31
94 89 39
94 90 6
94 91 38
94 92 18
94 93 30
94 95 53
94 96 75
94 97 46
94 98 76
94 99 19
95 0 4
95 1 41
95 2 18
95 3 29
95 4 82
95 5 38
95 6 5
95 7 82
95 8 43
95 9 42
95 10 55
95 11 60
95 12 5
95 13 44
95 14 66
95 15 55
95 16 56
95 17 2
95 18 88
95 19 43
95 20 1
95 21 68
95 22 100
95 23 81
95 24 41
95 25 7
95 26 53
95 27 11
95 28 12
95 29 30
95 30 59
95 31 17
95 32 93
95 33 48
95 34 19
95 35 25
95 36 51
95 37 65
95 38 91
95 39 58
95 40 28
95 41 12
95 42 71
95 43 21
95 44 41
95 45 83
95 46 99
95 47 72
95 48 23
95 49 58
95 50 45
95 51 11
95 52 48
95 53 37
95 54 84
95 55 37
95 56 58
95 57 36
95 58 91
95 59 38
95 60 80
95 61 45
95 62 17
95 63 63
95 64 47
95 65 45
95 66 92
95 67 65
95 68 84
95 69 11
95 70 61
95 71 46
95 72 38
95 73 71
95 74 19
95 75 66
95 76 51
95 77 47
95 78 55
95 79 16
95 80 7
95 81 47
95 82 79
95 83 18
95 84 70
95 85 73
95 86 62
95 87 14
95 88 47
95 89 4
95 90 60
95 91 95
95 92 48
95 93 38
95 94 99
95 96 53
95 97 31
95 98 84
95 99 80
96 0 72
96 1 6
96 2 70
96 3 32
96 4 54
96 5 80
96 6 15
96 7 46
96 8 6
96 9 73
96 10 65
96 11 80
96 12 3
96 13 46
96 14 28
96 15 94
96 16 63
96 17 81
96 18 79
96 19 45
96 20 54
96 21 96
96 22 15
96 23 16
96 24 88
96 25 12
96 26 13
96 27 43
96 28 42
96 29 60
96 30 70
96 31 11
96 32 1
96 33 80
96 34 79
96 35 66
96 36 76
96 37 14
96 38 38
96 39 51
96 40 1
96 41 67
96 42 90
96 43 13
96 44 6
96 45 54
96 46 86
96 47 11
96 48 64
96 49 95
96 50 50
96 51 2
96 52 78
96 53 75
96 54 51
96 55 56
96 56 41
96 57 60
96 58 2
96 59 40
96 60 55
96 61 16
96 62 10
96 63 68
96 64 55
96 65 34
96 66 4
96 67 48
96 68 39
96 69 84
96 70 55
96 71 10
96 72 33
96 73 34
96 74 16
96 75 95
96 76 9
96 77 90
96 78 14
96 79 41
96 80 46
96 81 30
96 82 37
96 83 26
96 84 41
96 85 83
96 86 69
96 87 9
96 88 97
96 89 38
96 90 98
96 91 70
96 92 32
96 93 72
96 94 85
96 95 3
96 97 35
96 98 64
96 99 55
97 0 89
97 1 68
97 2 48
97 3 86
97 4 59
97 5 41
97 6 45
97 7 94
97 8 12
97 9 46
97 10 93
97 11 78
97 12 19
97 13 7
97 14 77
97 15 17
97 16 65
97 17 6
97 18 72
97 19 61
97 20 70
97 21 93
97 22 86
97 23 27
97 24 37
97 25 45
97 26 79
97 27 2
97 28 40
97 29 17
97 30 17
97 31 1
97 32 83
97 33 68
97 34 57
97 35 8
97 36 94
97 37 65
97 38 58
97 39 37
97 40 91
97 41 76
97 42 37
97 43 53
97 44 93
97 45 13
97 46 64
97 47 20
97 48 77
97 49 57
97 50 15
97 51 61
97 52 65
97 53 96
97 54 91
97 55 42
97 56 61
97 57 34
97 58 18
97 59 28
97 60 93
97 61 86
97 62 92
97 63 37
97 64 92
97 65 12
97 66 64
97 67 75
97 68 29
97 69 96
97 70 47
97 71 42
97 72 24
97 73 41
97 74 98
97 75 54
97 76 10
97 77 79
97 78 38
97 79 92
97 80 94
97 81 13
97 82 53
97 83 61
97 84 29
97 85 43
97 86 58
97 87 28
97 88 65
97 89 84
97 90 95
97 91 5
97 92 38
97 93 82
97 94 4
97 95 8
97 96 9
97 98 72
97 99 85
98 0 22
98 1 88
98 2 50
98 3 34
98 4 36
98 5 92
98 6 33
98 7 37
98 8 24
98 9 46
98 10 67
98 11 39
98 12 39
98 13 1
98 14 21
98 15 84
98 16 56
98 17 58
98 18 42
98 19 58
98 20 59
98 21 83
98 22 89
98 23 14
98 24 89
98 25 92
98 26 12
98 27 38
98 28 8
98 29 27
98 30 23
98 31 6
98 32 96
98 33 10
98 34 61
98 35 58
98 36 77
98 37 48
98 38 13
98 39 23
98 40 29
98 41 23
98 42 18
98 43 29
98 44 12
98 45 5
98 46 12
98 47 20
98 48 86
98 49 80
98 50 90
98 51 9
98 52 45
98 53 70
98 54 1
98 55 47
98 56 76
98 57 82
98 58 51
98 59 14
98 60 88
98 61 2
98 62 15
98 63 90
98 64 21
98 65 27
98 66 93
98 67 96
98 68 69
98 69 73
98 70 75
98 71 96
98 72 97
98 73 35
98 74 80
98 75 70
98 76 75
98 77 59
98 78 58
98 79 48
98 80 93
98 81 59
98 82 13
98 83 76
98 84 22
98 85 71
98 86 98
98 87 94
98 88 70
98 89 17
98 90 70
98 91 14
98 92 82
98 93 39
98 94 43
98 95 38
98 96 31
98 97 47
98 99 15
99 0 13
99 1 64
99 2 87
99 3 21
99 4 57
99 5 22
99 6 30
99 7 26
99 8 38
99 9 42
99 10 23
99 11 89
99 12 50
99 13 10
99 14 96
99 15 74
99 16 77
99 17 31
99 18 62
99 19 83
99 20 58
99 21 61
99 22 51
99 23 96
99 24 97
99 25 61
99 26 54
99 27 61
99 28 24
99 29 18
99 30 30
99 31 99
99 32 58
99 33 100
99 34 71
99 35 76
99 36 25
99 37 65
99 38 100
99 39 36
99 40 30
99 41 49
99 42 4
99 43 77
99 44 31
99 45 21
99 46 96
99 47 3
99 48 98
99 49 6
99 50 13
99 51 51
99 52 38
99 53 15
99 54 33
99 55 58
99 56 59
99 57 8
99 58 12
99 59 39
99 60 99
99 61 57
99 62 38
99 63 61
99 64 75
99 65 74
99 66 28
99 67 62
99 68 54
99 69 61
99 70 35
99 71 49
99 72 92
99 73 63
99 74 35
99 75 61
99 76 12
99 77 34
99 78 40
99 79 12
99 80 82
99 81 70
99 82 43
99 83 95
99 84 94
99 85 31
99 86 15
99 87 54
99 88 36
99 89 27
99 90 63
99 91 49
99 92 30
99 93 61
99 94 86
99 95 59
99 96 51
99 97 57
99 98 89
